0.50121
0.59882
-0.48713
0.39103
-0.0019927
0.00056423
-0.00308
0.0040491
0.04373
-0.0086699
-0.44194
0.11312
-0.65257
17.403
22.416
3.5191
0.50118
0.59807
-0.48913
0.38973
-0.0019861
0.0005508
-0.0030857
-0.0025465
0.028876
0.0025724
-0.44194
0.11312
-0.65257
17.403
22.411
3.5186
0.50137
0.59622
-0.4914
0.38946
-0.0019609
0.00050475
-0.0031105
0.0054583
0.013341
0.0024381
-0.44194
0.11312
-0.65257
17.404
22.407
3.5192
0.50241
0.59443
-0.49263
0.38929
-0.0019121
0.00041077
-0.0031508
0.014265
0.00023859
0.003022
-0.44194
0.11312
-0.65256
17.403
22.406
3.5194
0.50238
0.59461
-0.49397
0.38736
-0.0018614
0.00024727
-0.0032078
0.030801
-0.007463
-0.0030911
-0.44194
0.11312
-0.65255
17.399
22.406
3.5188
0.5029
0.59419
-0.49313
0.3884
-0.0018285
4.0415e-05
-0.0032806
0.042059
-0.015367
0.0010104
-0.44194
0.11313
-0.65254
17.392
22.407
3.5188
0.50259
0.59506
-0.49394
0.38642
-0.0017895
-0.00013272
-0.0033507
0.064576
-0.03098
-0.0083381
-0.44193
0.11314
-0.65251
17.384
22.41
3.5182
0.50334
0.5966
-0.49114
0.38665
-0.0017538
-0.00028514
-0.0034181
0.10324
-0.04906
-0.009992
-0.44193
0.11316
-0.65248
17.369
22.415
3.5169
0.50183
0.60024
-0.49114
0.38297
-0.0017374
-0.00046014
-0.0034746
0.17358
-0.064698
-0.018713
-0.44191
0.11319
-0.65243
17.345
22.421
3.5145
0.49414
0.60554
-0.49357
0.38149
-0.0017301
-0.00060248
-0.0035211
0.28304
-0.045923
-0.043434
-0.44189
0.11324
-0.65238
17.307
22.425
3.5104
0.4806
0.61736
-0.49992
0.37144
-0.0017028
-0.00063917
-0.0035954
0.48484
0.042519
-0.029483
-0.44186
0.1133
-0.65232
17.241
22.416
3.5037
0.47894
0.61878
-0.50288
0.36721
-0.0015922
-0.00049499
-0.0037127
0.6673
0.10456
-0.095336
-0.44181
0.11337
-0.65226
17.152
22.391
3.4953
0.47686
0.61932
-0.50489
0.36625
-0.001428
-0.00011399
-0.0038898
0.89997
0.20092
-0.07389
-0.44176
0.11346
-0.65221
17.024
22.347
3.4782
0.48165
0.61049
-0.50504
0.3745
-0.0013407
0.00048156
-0.0041121
1.0351
0.21431
0.071476
-0.44171
0.11353
-0.65216
16.862
22.288
3.4775
0.49249
0.60691
-0.49403
0.38085
-0.0013822
0.001034
-0.0043039
0.88182
0.10047
0.13464
-0.44166
0.1136
-0.65212
16.716
22.241
3.4982
0.49822
0.60973
-0.4852
0.38024
-0.0014874
0.0015126
-0.0044466
0.9165
0.056847
-0.036483
-0.44161
0.11365
-0.65209
16.567
22.209
3.5073
0.49637
0.61192
-0.48974
0.37326
-0.0015244
0.0018316
-0.0045423
1.0472
-0.058518
-0.15288
-0.44156
0.1137
-0.65207
16.401
22.183
3.4855
0.50115
0.60097
-0.4868
0.38822
-0.0014858
0.002004
-0.0046007
1.1926
-0.20081
0.025056
-0.44151
0.11374
-0.65207
16.223
22.182
3.4725
0.51591
0.59831
-0.46954
0.3942
-0.0013446
0.0021452
-0.0046422
1.1451
-0.13304
0.15648
-0.44144
0.11379
-0.65207
16.018
22.185
3.4933
0.52913
0.59767
-0.45541
0.39422
-0.0011871
0.0022716
-0.0046636
1.2161
-0.031858
-0.07896
-0.44136
0.11385
-0.65208
15.83
22.172
3.5023
0.52775
0.59927
-0.45488
0.39426
-0.0011032
0.0024997
-0.0046653
1.3552
0.086584
-0.20111
-0.44128
0.11391
-0.65209
15.614
22.139
3.4688
0.51637
0.5981
-0.45507
0.41055
-0.0010004
0.0027222
-0.0046747
1.2632
0.17257
0.14662
-0.4412
0.11399
-0.65212
15.394
22.083
3.4659
0.50457
0.61693
-0.45373
0.39867
-0.00087431
0.0027906
-0.0046935
1.1538
0.24045
0.093211
-0.44112
0.11406
-0.65215
15.206
22.025
3.4924
0.47236
0.64446
-0.46868
0.37668
-0.00087145
0.002685
-0.004711
1.1893
0.39889
-0.14884
-0.44103
0.11415
-0.65218
15.016
21.942
3.4844
0.40768
0.66913
-0.51724
0.34428
-0.001161
0.0023885
-0.0047093
1.0946
0.54894
0.042391
-0.44095
0.11424
-0.65222
14.827
21.834
3.4691
0.33174
0.70584
-0.56254
0.27439
-0.0014498
0.0020926
-0.0046779
0.88764
0.78225
0.13709
-0.44087
0.11431
-0.65226
14.677
21.704
3.4855
0.26213
0.74282
-0.58076
0.20551
-0.001668
0.0018835
-0.0046454
0.71498
0.96375
-0.11864
-0.44079
0.11439
-0.6523
14.562
21.533
3.4884
0.18836
0.7635
-0.59883
0.1516
-0.0017935
0.0017528
-0.0046197
0.58788
1.0427
-0.14178
-0.44073
0.11446
-0.65233
14.481
21.355
3.4619
0.13383
0.77435
-0.60888
0.10835
-0.0018353
0.0016498
-0.0045705
0.55461
1.0556
0.085392
-0.4407
0.11453
-0.65237
14.411
21.159
3.4571
0.11264
0.78231
-0.60722
0.081187
-0.001832
0.0015861
-0.0044866
0.56791
0.98338
0.00084341
-0.44071
0.11461
-0.65239
14.339
20.975
3.4721
0.10272
0.78794
-0.6038
0.063355
-0.001749
0.0015568
-0.0044009
0.63446
1.1023
-0.18278
-0.44076
0.11468
-0.6524
14.266
20.795
3.453
0.074549
0.77637
-0.62496
0.033488
-0.0015893
0.0014903
-0.004333
0.66189
1.1482
0.036861
-0.44086
0.11475
-0.6524
14.181
20.587
3.4342
0.045828
0.7852
-0.61755
0.0001311
-0.0014309
0.0013641
-0.0042891
0.44725
1.1769
0.18628
-0.441
0.11483
-0.65238
14.112
20.373
3.4583
-0.041835
-0.7971
0.60239
0.0029699
-0.0012531
0.0011899
-0.0042639
0.329
1.2271
-0.077354
-0.44118
0.11491
-0.65235
14.078
20.175
3.4698
-0.011789
-0.78882
0.61363
0.032756
-0.0010431
0.00093417
-0.0042258
0.24873
1.3199
-0.097237
-0.4414
0.115
-0.65229
14.06
19.952
3.4466
-0.0050281
-0.78805
0.61491
0.029025
-0.00085472
0.0006603
-0.0041363
0.25539
1.2741
0.18842
-0.44164
0.11509
-0.65222
14.05
19.739
3.4558
-0.010417
-0.79034
0.61255
0.0054792
-0.00058166
0.00037017
-0.0039888
0.29086
1.271
-0.0030683
-0.44192
0.1152
-0.65213
14.033
19.52
3.4797
0.015737
0.7883
-0.61509
0.00056159
-0.00026656
5.8908e-05
-0.0038004
0.32469
1.3799
-0.17939
-0.44222
0.11531
-0.65202
14.013
19.29
3.4558
-0.004132
-0.77723
0.62901
0.015445
4.0505e-06
-0.00019993
-0.0035965
0.34401
1.3871
0.10953
-0.44251
0.11543
-0.65191
13.988
19.061
3.4465
0.00070612
-0.7795
0.62625
0.014007
0.00021077
-0.00038404
-0.0033607
0.23434
1.3625
0.12738
-0.44282
0.11557
-0.65179
13.97
18.824
3.4774
-0.0028941
-0.78726
0.61641
0.01569
0.0002517
-0.00051212
-0.003113
0.19475
1.4177
-0.21003
-0.44313
0.11572
-0.65166
13.967
18.586
3.4694
0.0070627
-0.77823
0.62721
0.030054
0.00017736
-0.00058726
-0.0029322
0.18288
1.4931
-0.047112
-0.4434
0.11586
-0.65154
13.968
18.349
3.4408
-0.0098994
-0.7857
0.61834
0.015503
0.00010406
-0.00061002
-0.0028592
0.28762
1.4153
0.17858
-0.44368
0.11602
-0.65141
13.962
18.097
3.4598
0.0261
0.79064
-0.61163
0.010831
-8.0605e-05
-0.0005474
-0.0028671
0.34309
1.4563
-0.16496
-0.44392
0.11617
-0.65129
13.942
17.867
3.463
-0.025767
-0.78781
0.61537
0.0026936
-0.00043196
-0.00035215
-0.0029065
0.38293
1.4901
-0.07339
-0.44417
0.11632
-0.65116
13.914
17.607
3.4347
-0.015174
-0.78333
0.62132
0.011062
-0.00075376
-0.00011091
-0.0029968
0.29141
1.399
0.23421
-0.4444
0.11647
-0.65105
13.888
17.354
3.451
0.013073
0.79062
-0.61216
0.0029137
-0.0010009
6.6648e-05
-0.0031473
0.16898
1.3732
0.06124
-0.44461
0.1166
-0.65095
13.884
17.131
3.4813
-0.0019643
-0.7866
0.61737
0.010793
-0.0012395
0.00015972
-0.0033751
0.1589
1.4457
-0.13612
-0.4448
0.11674
-0.65086
13.889
16.889
3.4658
0.0058414
-0.7774
0.62822
0.030758
-0.0014705
0.00016874
-0.0036385
0.17226
1.4353
0.12546
-0.44497
0.11688
-0.65078
13.894
16.64
3.4627
-0.010151
-0.78742
0.6163
0.0053729
-0.0016684
0.00012998
-0.0038866
0.22336
1.3438
0.11612
-0.4451
0.117
-0.65072
13.892
16.416
3.4903
-0.012646
-0.78936
0.61378
0.0054108
-0.0018376
9.685e-05
-0.0041084
0.27612
1.3874
-0.14909
-0.44521
0.11712
-0.65067
13.882
16.181
3.4839
0.0091094
-0.77777
0.62803
0.023697
-0.0019061
0.00014886
-0.0042658
0.3092
1.3968
0.040317
-0.44529
0.11723
-0.65064
13.864
15.953
3.4702
0.015616
-0.78134
0.62344
0.024142
-0.001926
0.00024167
-0.0043688
0.22465
1.2998
0.18125
-0.44536
0.11734
-0.65062
13.848
15.717
3.4961
0.02668
-0.78979
0.61175
0.035823
-0.0020339
0.00033652
-0.0043699
0.092081
1.3352
-0.079223
-0.44541
0.11745
-0.65061
13.854
15.49
3.5061
0.03586
-0.77894
0.62442
0.045378
-0.0021295
0.00048632
-0.0042937
0.022673
1.37
-0.095196
-0.44544
0.11755
-0.65061
13.874
15.276
3.4851
0.042937
-0.77078
0.634
0.045847
-0.0021119
0.00066531
-0.0041683
0.018973
1.3481
0.16805
-0.44546
0.11765
-0.65062
13.905
15.045
3.4925
0.040793
-0.77852
0.62568
0.027455
-0.0020412
0.00080218
-0.0039848
0.034714
1.2821
0.013337
-0.44547
0.11775
-0.65064
13.93
14.824
3.5143
0.048342
-0.77887
0.62402
0.040295
-0.0019452
0.00088534
-0.003785
0.065023
1.3261
-0.19256
-0.44547
0.11784
-0.65065
13.952
14.616
3.4953
0.061074
-0.77172
0.63021
0.059634
-0.0018676
0.00088055
-0.0035627
0.051831
1.3412
0.064568
-0.44546
0.11794
-0.65068
13.97
14.388
3.4807
0.070729
-0.77733
0.62179
0.064252
-0.0018107
0.00075655
-0.0033792
-0.10597
1.2291
0.15889
-0.44544
0.11803
-0.65071
14.002
14.184
3.5053
0.095057
-0.78288
0.60973
0.079355
-0.0017682
0.00061096
-0.0032323
-0.2042
1.2392
-0.12269
-0.4454
0.11813
-0.65075
14.059
13.98
3.5104
0.097451
-0.77958
0.6126
0.086441
-0.0018878
0.00051086
-0.0031253
-0.23233
1.2916
-0.076059
-0.44536
0.11823
-0.6508
14.127
13.773
3.4857
0.0933
-0.78033
0.61075
0.096767
-0.0021525
0.00039782
-0.0030594
-0.15409
1.298
0.14725
-0.44531
0.11831
-0.65085
14.187
13.569
3.4928
0.068497
-0.78738
0.60825
0.073287
-0.002409
0.00024877
-0.0030326
-0.067478
1.2633
-0.027502
-0.44526
0.1184
-0.65092
14.232
13.36
3.5097
0.04683
-0.77965
0.62104
0.065282
-0.002542
0.00010675
-0.0030733
-0.035049
1.3325
-0.22583
-0.4452
0.11847
-0.65099
14.269
13.145
3.4788
0.061027
-0.77247
0.62546
0.091461
-0.0025545
4.122e-05
-0.0031633
-0.00258
1.3574
0.1176
-0.44515
0.11854
-0.65106
14.298
12.931
3.4677
0.07409
-0.77655
0.62064
0.079226
-0.0024331
9.3494e-05
-0.0032623
-0.12392
1.2133
0.16232
-0.4451
0.11863
-0.65114
14.339
12.719
3.5021
0.08602
-0.7771
0.61677
0.091168
-0.0021998
0.00018064
-0.0033147
-0.15514
1.2271
-0.080116
-0.44506
0.11871
-0.65123
14.388
12.528
3.5079
0.090749
-0.76357
0.63205
0.096154
-0.0018666
0.00025627
-0.0033091
-0.17572
1.2622
-0.016052
-0.44501
0.11882
-0.65133
14.445
12.322
3.4927
0.083172
-0.76585
0.63121
0.090218
-0.0015059
0.00028247
-0.003244
-0.046988
1.2108
0.1474
-0.44498
0.11894
-0.65143
14.494
12.114
3.5077
0.070864
-0.78014
0.6185
0.061828
-0.001232
0.00029168
-0.003114
0.017124
1.2097
-0.087107
-0.44494
0.11907
-0.65155
14.522
11.925
3.5169
0.071293
-0.77832
0.62039
0.065201
-0.0012399
0.00034639
-0.0029079
0.0776
1.3131
-0.13977
-0.4449
0.11922
-0.65167
14.544
11.713
3.4891
0.067565
-0.77214
0.62705
0.077654
-0.0012716
0.00045602
-0.0027053
0.092952
1.2664
0.13306
-0.44486
0.11937
-0.6518
14.556
11.491
3.4897
0.082081
-0.7749
0.62057
0.087696
-0.0012267
0.00051979
-0.0025287
0.0040853
1.1854
0.11137
-0.44481
0.11953
-0.65194
14.574
11.295
3.5136
0.080783
-0.77631
0.61945
0.084275
-0.001099
0.0004927
-0.0023463
0.0089751
1.1837
-0.11698
-0.44476
0.1197
-0.65208
14.601
11.097
3.513
0.067638
-0.76671
0.63418
0.07349
-0.0010192
0.00050642
-0.0021843
0.022436
1.214
0.011636
-0.4447
0.11988
-0.65223
14.623
10.907
3.4984
0.045708
-0.76607
0.63894
0.052967
-0.00096819
0.0005273
-0.0020441
0.1294
1.1389
0.1702
-0.44462
0.12007
-0.6524
14.639
10.707
3.5178
0.038546
-0.77552
0.62689
0.063953
-0.00083984
0.00049071
-0.0019676
0.2102
1.155
-0.063709
-0.44453
0.12026
-0.65257
14.635
10.512
3.5286
0.035412
-0.77005
0.63485
0.052355
-0.00067979
0.00047685
-0.0019358
0.32304
1.1994
-0.094324
-0.44444
0.12046
-0.65274
14.62
10.322
3.5091
0.021637
-0.76535
0.64121
0.051167
-0.00046664
0.00049023
-0.0019485
0.39753
1.2366
0.1347
-0.44433
0.12066
-0.65292
14.583
10.108
3.5125
0.013076
-0.76908
0.63792
0.037384
-0.00022509
0.00052319
-0.0020144
0.33101
1.1603
0.12898
-0.4442
0.12087
-0.6531
14.549
9.8988
3.5398
-0.0018549
-0.76766
0.64038
0.024769
-7.2658e-05
0.00056288
-0.0020623
0.32055
1.1323
-0.057896
-0.44408
0.12107
-0.65327
14.522
9.7123
3.5458
-0.022257
-0.75462
0.65579
0.0011477
8.1077e-05
0.00053151
-0.0021071
0.32161
1.1312
-0.020832
-0.44394
0.12127
-0.65343
14.495
9.5168
3.534
0.063233
0.7553
-0.65168
0.029023
0.0002683
0.00045108
-0.0021392
0.4139
1.0254
0.09818
-0.44381
0.12145
-0.65358
14.461
9.338
3.5424
0.094536
0.76571
-0.63446
0.0471
0.00019279
0.00038978
-0.0021626
0.54353
0.96131
-0.057445
-0.44368
0.12164
-0.65373
14.403
9.1613
3.548
0.12014
0.7559
-0.6395
0.072202
0.00025936
0.00032558
-0.0022485
0.70929
0.95895
-0.14638
-0.44355
0.1218
-0.65387
14.321
8.9896
3.5257
0.14761
0.74681
-0.64238
0.088484
0.0003105
0.00023205
-0.0023758
0.81167
0.93454
0.095091
-0.44345
0.12194
-0.65399
14.219
8.8249
3.5194
0.18239
0.74279
-0.63482
0.10958
0.00037964
0.00014746
-0.0025456
0.78598
0.8557
0.047389
-0.44335
0.12208
-0.6541
14.104
8.6601
3.5395
0.22911
0.73999
-0.61403
0.15128
0.00065644
6.7238e-05
-0.0027804
0.88111
0.74737
-0.17399
-0.44326
0.12219
-0.65419
13.984
8.5066
3.527
0.28254
0.71368
-0.60771
0.20379
0.0017472
2.595e-05
-0.0030203
0.91343
0.68115
-0.052976
-0.44319
0.12229
-0.65426
13.86
8.3788
3.5023
0.35566
0.68446
-0.58453
0.2517
0.0015849
1.9695e-05
-0.0032332
0.93192
0.52441
0.11308
-0.44313
0.12236
-0.65432
13.721
8.2604
3.5119
0.41556
0.66445
-0.5478
0.2928
0.0011966
1.5546e-05
-0.0033734
1.0603
0.43538
-0.081048
-0.44308
0.1224
-0.65437
13.574
8.1663
3.5183
0.45119
0.63387
-0.52593
0.34355
0.00051271
2.0199e-05
-0.0034522
1.1972
0.4224
-0.10825
-0.44304
0.1224
-0.65441
13.399
8.0695
3.4956
0.46396
0.61893
-0.50712
0.38012
6.5923e-05
-7.4748e-06
-0.0034962
1.2171
0.41168
0.15236
-0.443
0.12237
-0.65446
13.203
7.9721
3.5024
0.47756
0.61652
-0.50562
0.36903
-0.00026368
-0.00011173
-0.003481
1.1418
0.41315
0.092113
-0.44297
0.12232
-0.65452
13.026
7.8823
3.5259
0.48939
0.5969
-0.50704
0.38356
-0.00054457
-0.00028132
-0.0034672
1.1356
0.39321
-0.091105
-0.44295
0.12225
-0.6546
12.844
7.7867
3.5231
0.50088
0.57424
-0.50629
0.40378
-0.00058983
-0.00044481
-0.0035266
1.1527
0.37207
0.0059283
-0.44293
0.12216
-0.65469
12.663
7.699
3.5126
0.52386
0.57366
-0.48185
0.40534
-0.00053782
-0.00063146
-0.0035865
1.1633
0.33685
0.052884
-0.44292
0.12207
-0.65479
12.487
7.6184
3.5205
0.52828
0.58108
-0.46822
0.40501
-0.00065736
-0.00087491
-0.0035903
1.2106
0.26872
-0.19625
-0.44291
0.12198
-0.65492
12.295
7.5396
3.5086
0.51952
0.57659
-0.47464
0.41515
-0.00088578
-0.0010799
-0.0035703
1.3401
0.17014
-0.078972
-0.44291
0.1219
-0.65504
12.097
7.4763
3.4818
0.52545
0.57627
-0.48107
0.40048
-0.001156
-0.0013522
-0.0035171
1.3503
0.19808
0.14367
-0.44293
0.12181
-0.65518
11.87
7.4202
3.4914
0.52086
0.57881
-0.48663
0.39608
-0.001469
-0.0017206
-0.0033653
1.3476
0.24739
0.010151
-0.44295
0.12173
-0.65533
11.646
7.3501
3.5078
0.50822
0.57621
-0.49829
0.40174
-0.0018667
-0.0019972
-0.0031231
1.2903
0.27946
-0.10142
-0.44298
0.12166
-0.65548
11.444
7.2784
3.4963
0.51344
0.56859
-0.49687
0.40767
-0.002502
-0.0021093
-0.0027938
1.2235
0.24408
0.051734
-0.44303
0.12159
-0.65563
11.24
7.2054
3.491
0.52179
0.5838
-0.48051
0.395
-0.0034999
-0.0020925
-0.0024178
1.2074
0.23299
0.023565
-0.4431
0.12153
-0.65577
11.039
7.1383
3.503
0.51326
0.58684
-0.48855
0.39179
-0.0043023
-0.001987
-0.0021055
1.3023
0.16424
-0.14697
-0.4432
0.12146
-0.65588
10.846
7.0784
3.4907
0.51266
0.58481
-0.49621
0.38593
-0.0050092
-0.0017541
-0.0018773
1.3909
0.043466
0.057777
-0.44335
0.1214
-0.65598
10.618
7.0314
3.4786
0.51568
0.58898
-0.48666
0.38775
-0.0055007
-0.001439
-0.0017344
1.3126
0.10246
0.129
-0.44353
0.12135
-0.65606
10.405
6.9926
3.4985
0.51117
0.59782
-0.47746
0.3916
-0.0058517
-0.0011109
-0.0015742
1.3095
0.17229
-0.064488
-0.44377
0.1213
-0.65611
10.188
6.94
3.5064
0.50972
0.59044
-0.47742
0.40452
-0.0060471
-0.00082684
-0.0013679
1.2888
0.1778
-0.084656
-0.44408
0.12126
-0.65613
9.9741
6.8787
3.4888
0.52876
0.57547
-0.44994
0.43221
-0.0060618
-0.00061358
-0.0011451
1.2768
0.090388
0.048695
-0.44441
0.12124
-0.65613
9.776
6.8306
3.4874
0.54022
0.58192
-0.43915
0.42033
-0.0059544
-0.00041724
-0.00090019
1.2451
0.049184
-0.062273
-0.44482
0.12123
-0.65611
9.5629
6.7901
3.4901
0.54731
0.5641
-0.45522
0.41834
-0.0057818
-0.00021321
-0.00068231
1.296
0.017347
-0.17186
-0.44529
0.12125
-0.65606
9.3521
6.7561
3.4645
0.54756
0.54564
-0.45752
0.43947
-0.0056355
1.1074e-05
-0.00051701
1.2585
-0.046069
0.088473
-0.44576
0.12128
-0.656
9.151
6.7341
3.4589
0.55232
0.55506
-0.44024
0.43936
-0.005508
0.00031659
-0.00041535
1.1869
0.050895
0.080377
-0.44631
0.12133
-0.65591
8.9453
6.7039
3.4764
0.55069
0.55683
-0.44194
0.43746
-0.0054259
0.00065457
-0.00043281
1.154
0.096312
-0.083254
-0.44686
0.1214
-0.65582
8.763
6.6653
3.476
0.54859
0.53688
-0.44897
0.45743
-0.005433
0.00095924
-0.0005819
1.1467
0.076277
0.032508
-0.44747
0.12147
-0.65571
8.5727
6.6242
3.4657
0.56276
0.53164
-0.45012
0.44504
-0.0055575
0.0011666
-0.00083225
1.1061
0.056031
0.08971
-0.44812
0.12155
-0.6556
8.3859
6.589
3.4806
0.56579
0.54931
-0.43732
0.43232
-0.0056498
0.0012594
-0.0011072
1.1297
0.020861
-0.11234
-0.44873
0.12162
-0.65551
8.2062
6.5597
3.4799
0.55325
0.5519
-0.44641
0.43593
-0.0056149
0.0012052
-0.0013823
1.1964
-0.089629
-0.05681
-0.4494
0.12167
-0.65543
8.0089
6.5383
3.4606
0.54635
0.55069
-0.45765
0.4345
-0.0054705
0.0010223
-0.0016014
1.1379
-0.079878
0.13628
-0.45008
0.12172
-0.65536
7.8096
6.5275
3.4699
0.54217
0.55374
-0.45706
0.43649
-0.0052458
0.00081464
-0.0017534
1.0814
-0.012395
0.084605
-0.4507
0.12177
-0.65532
7.6321
6.5098
3.4901
0.52364
0.54949
-0.4764
0.44374
-0.0049528
0.00062983
-0.0018914
1.0315
0.026776
0.18797
-0.45137
0.1218
-0.65529
7.4565
6.4829
3.5084
0.52347
0.52786
-0.48956
0.45571
-0.0045564
0.00052885
-0.0020361
0.92831
0.0040634
0.4099
-0.452
0.12182
-0.65527
7.3041
6.4607
3.558
0.53389
0.51328
-0.48226
0.46789
-0.0038971
0.00053375
-0.002234
0.75936
-0.063326
0.43644
-0.45269
0.12183
-0.65527
7.1652
6.4465
3.6334
0.53637
0.49093
-0.47384
0.49676
-0.0029533
0.00062888
-0.0024693
0.73686
-0.10632
0.25791
-0.45337
0.12183
-0.65528
7.0408
6.4427
3.6928
0.52575
0.48652
-0.47839
0.50796
-0.0021817
0.00084417
-0.0027024
0.71162
-0.13475
0.29511
-0.45397
0.12184
-0.65529
6.9256
6.4459
3.7342
0.52679
0.49238
-0.48718
0.49265
-0.0015256
0.0011404
-0.0029685
0.64413
-0.080075
0.36537
-0.45458
0.12182
-0.65529
6.8076
6.4506
3.7948
0.52615
0.48827
-0.50372
0.48065
-0.00098007
0.0013645
-0.0032215
0.66633
0.035523
0.20582
-0.45515
0.1218
-0.65528
6.6968
6.4421
3.8431
0.51177
0.47484
-0.52276
0.48923
-0.00051642
0.0015682
-0.0034025
0.57566
0.076795
0.20562
-0.45562
0.12175
-0.65527
6.6015
6.418
3.8729
0.53374
0.47887
-0.5006
0.48498
-7.4067e-05
0.0018312
-0.0035254
0.4786
0.033637
0.30803
-0.45606
0.12168
-0.65525
6.5123
6.3938
3.9185
0.54082
0.49036
-0.48478
0.48172
0.0002455
0.0020624
-0.0035934
0.42776
-0.11343
0.16593
-0.45642
0.12159
-0.65523
6.4391
6.3894
3.9599
0.53993
0.48612
-0.46995
0.50131
0.00051614
0.0022763
-0.0036256
0.5296
-0.2303
0.13015
-0.45675
0.12147
-0.65522
6.3573
6.4073
3.9793
0.54208
0.49422
-0.46136
0.49904
0.00076559
0.0024166
-0.0036018
0.57724
-0.17554
0.35474
-0.457
0.1213
-0.65524
6.256
6.4301
4.0229
0.54772
0.50532
-0.45238
0.4899
0.00095456
0.0024736
-0.0035168
0.64501
-0.10926
0.32695
-0.45718
0.12112
-0.65527
6.1549
6.439
4.0809
0.55546
0.48269
-0.45893
0.49784
0.0011888
0.0024882
-0.0034146
0.62536
-0.050806
0.29075
-0.45731
0.12088
-0.65533
6.0459
6.436
4.1272
0.57411
0.46175
-0.45648
0.49882
0.0015107
0.0025133
-0.0033373
0.543
-0.048187
0.36233
-0.45737
0.12061
-0.65543
5.9495
6.4319
4.184
0.58519
0.47265
-0.43644
0.49364
0.0018244
0.0025541
-0.003249
0.55618
-0.13921
0.23504
-0.45738
0.12036
-0.65556
5.8588
6.4335
4.2341
0.58082
0.47485
-0.42748
0.5044
0.0021133
0.0025296
-0.0031116
0.61093
-0.24357
0.18657
-0.45738
0.12009
-0.65574
5.7583
6.4522
4.266
0.57798
0.47411
-0.42387
0.51137
0.0022918
0.0024271
-0.0029835
0.61048
-0.24516
0.4003
-0.45736
0.11986
-0.65594
5.6549
6.4793
4.3125
0.58069
0.48867
-0.42437
0.49387
0.0023283
0.0022032
-0.0029002
0.64417
-0.11718
0.39482
-0.45735
0.11965
-0.65615
5.5443
6.4948
4.3826
0.57766
0.47959
-0.43423
0.49775
0.0021788
0.0017435
-0.0029022
0.61915
-0.0093312
0.30766
-0.45736
0.11948
-0.65635
5.434
6.4889
4.4391
0.57979
0.46258
-0.44529
0.50157
0.0019192
0.0012562
-0.0030169
0.53712
-0.036761
0.40668
-0.45739
0.11935
-0.6565
5.345
6.4804
4.4946
0.59139
0.46049
-0.43797
0.49637
0.0015555
0.00076789
-0.0032548
0.50492
-0.072936
0.31463
-0.45745
0.11926
-0.65662
5.2569
6.4777
4.5602
0.5817
0.45567
-0.44177
0.50876
0.0010686
0.00020772
-0.003524
0.53704
-0.10499
0.17462
-0.45756
0.11921
-0.65668
5.1705
6.4803
4.5979
0.56353
0.45515
-0.45541
0.51756
0.00051387
-0.00023324
-0.0037376
0.61499
-0.11175
0.36605
-0.45769
0.1192
-0.6567
5.0776
6.4855
4.6395
0.55381
0.46264
-0.47043
0.50788
-0.00025707
-0.0005164
-0.0039215
0.59865
-0.057252
0.45373
-0.45789
0.11921
-0.65668
4.9726
6.4883
4.7167
0.52819
0.44645
-0.50609
0.51533
-0.0010236
-0.00062139
-0.0040747
0.65239
0.078202
0.22499
-0.45813
0.11923
-0.65664
4.8754
6.4734
4.7679
0.51702
0.4357
-0.51803
0.52393
-0.0016627
-0.00069127
-0.0041954
0.5765
0.081273
0.30412
-0.45842
0.11926
-0.6566
4.7756
6.4437
4.8087
0.52693
0.43103
-0.50605
0.5296
-0.0020672
-0.0008218
-0.0042435
0.50688
-0.00047631
0.35817
-0.45875
0.11931
-0.65655
4.6857
6.4226
4.8684
0.52524
0.43797
-0.4978
0.53339
-0.0022214
-0.00090009
-0.0042319
0.53552
-0.1427
0.13441
-0.45904
0.11936
-0.65652
4.6022
6.4224
4.9098
0.52564
0.43449
-0.48828
0.54452
-0.0023058
-0.00092642
-0.0041659
0.64328
-0.22047
0.18585
-0.45935
0.11945
-0.6565
4.4988
6.4399
4.9299
0.52919
0.44614
-0.48655
0.5331
-0.0024911
-0.00095842
-0.0040719
0.674
-0.16094
0.41721
-0.45962
0.11955
-0.65649
4.38
6.4585
4.9836
0.54047
0.45368
-0.48638
0.51526
-0.0027771
-0.00096821
-0.0039809
0.70578
-0.072273
0.24866
-0.45983
0.11965
-0.65649
4.2661
6.4631
5.0423
0.54724
0.46032
-0.47801
0.51004
-0.0031288
-0.00094359
-0.0038546
0.62308
0.001114
0.11581
-0.46
0.11976
-0.6565
4.1484
6.4507
5.0637
0.55331
0.48204
-0.47221
0.48837
-0.0035103
-0.00094822
-0.0036896
0.56017
-0.072326
0.2843
-0.4601
0.11987
-0.65653
4.0544
6.4418
5.098
0.56905
0.49101
-0.44105
0.49048
-0.0039101
-0.0009579
-0.0034395
0.57878
-0.18621
0.29469
-0.46014
0.11998
-0.65658
3.9522
6.4498
5.1546
0.55687
0.49278
-0.4298
0.51218
-0.0042704
-0.0009624
-0.0031126
0.62558
-0.27222
0.22868
-0.46011
0.1201
-0.65666
3.8483
6.4712
5.1933
0.55235
0.49683
-0.42398
0.518
-0.0045476
-0.0010025
-0.0028096
0.63595
-0.31819
0.52793
-0.46002
0.12022
-0.65675
3.7399
6.5065
5.2525
0.55035
0.49937
-0.44628
0.49858
-0.00481
-0.0010759
-0.0025347
0.62627
-0.24453
0.4931
-0.45987
0.12036
-0.65687
3.6277
6.5426
5.3471
0.5377
0.49348
-0.46959
0.49684
-0.0050985
-0.0011473
-0.0023145
0.65801
-0.14753
0.26744
-0.45967
0.12049
-0.657
3.516
6.5604
5.408
0.54769
0.46018
-0.467
0.51979
-0.0053256
-0.0011389
-0.0021512
0.53645
-0.24177
0.3464
-0.45945
0.1206
-0.65714
3.4185
6.5773
5.456
0.58044
0.44245
-0.44358
0.52015
-0.0051707
-0.0010395
-0.0019811
0.42952
-0.36198
0.41896
-0.4592
0.12071
-0.65731
3.3307
6.618
5.5238
0.59572
0.42691
-0.41991
0.5353
-0.004755
-0.00088979
-0.001787
0.40213
-0.50894
0.17892
-0.45897
0.12082
-0.65748
3.2582
6.6777
5.5723
0.61184
0.39814
-0.39352
0.55881
-0.0041805
-0.00072498
-0.0015218
0.42497
-0.61538
0.24057
-0.45875
0.12096
-0.65769
3.1765
6.7628
5.6021
0.63011
0.37716
-0.36747
0.57068
-0.003522
-0.00065322
-0.0012089
0.35135
-0.66482
0.38072
-0.45854
0.1211
-0.6579
3.0981
6.8624
5.6574
0.65475
0.343
-0.33571
0.58391
-0.0030458
-0.00069066
-0.00090328
0.29812
-0.67374
0.25113
-0.45835
0.12125
-0.6581
3.0356
6.9604
5.7115
0.67578
0.30347
-0.3065
0.59774
-0.0028189
-0.00076597
-0.00064374
0.32055
-0.72742
-0.039304
-0.45817
0.1214
-0.65831
2.9693
7.07
5.7269
0.68754
0.25951
-0.26013
0.62632
-0.0026476
-0.00078854
-0.00051089
0.2441
-0.78177
0.0089377
-0.45802
0.12152
-0.65851
2.9058
7.1871
5.7218
0.70885
0.21677
-0.21068
0.63731
-0.0025223
-0.00071696
-0.00048855
0.096621
-0.78996
0.08219
-0.45789
0.12161
-0.6587
2.8618
7.3059
5.7311
0.72353
0.17132
-0.16837
0.64715
-0.0023959
-0.00053059
-0.00052183
-0.062329
-0.88086
-0.054449
-0.45779
0.12168
-0.65892
2.8415
7.4426
5.7353
0.71924
0.13107
-0.14579
0.66652
-0.0022177
-0.00026794
-0.00061817
-0.22686
-0.94296
-0.071125
-0.45773
0.12171
-0.65915
2.8451
7.5878
5.7225
0.71814
0.088962
-0.1266
0.67848
-0.0019441
2.4906e-05
-0.00078702
-0.40596
-0.90234
0.055889
-0.4577
0.12173
-0.6594
2.8836
7.7491
5.7205
0.72582
0.026153
-0.076719
0.68309
-0.0015786
0.00027446
-0.00097861
-0.49638
-0.8548
0.0059428
-0.45771
0.12174
-0.65967
2.9409
7.903
5.7283
0.73535
-0.040606
-0.018859
0.67621
-0.0012862
0.00044805
-0.0011836
-0.59331
-0.81735
-0.12825
-0.45774
0.12175
-0.65993
3.0104
8.0435
5.7175
0.71954
-0.1033
0.060878
0.68403
-0.0010776
0.00054035
-0.0014206
-0.6411
-0.7129
-0.017482
-0.45781
0.12176
-0.66021
3.0947
8.182
5.7014
0.69748
-0.1847
0.13422
0.67925
-0.0009188
0.00052141
-0.0016564
-0.7761
-0.42194
0.15616
-0.45791
0.12176
-0.66049
3.1981
8.2873
5.7138
0.67351
-0.26184
0.20109
0.66135
-0.00087451
0.00044538
-0.0018958
-0.83338
-0.19877
0.093846
-0.45803
0.12176
-0.66074
3.3161
8.3476
5.7376
0.6399
-0.33417
0.26169
0.64061
-0.00097497
0.00032917
-0.0021878
-0.87678
-0.10675
-0.0089461
-0.45818
0.12173
-0.661
3.4537
8.3869
5.7422
0.60726
-0.37434
0.32855
0.619
-0.0011451
0.00017011
-0.0024355
-0.87962
-0.01615
0.19731
-0.45835
0.12169
-0.66125
3.5865
8.4153
5.7531
0.5827
-0.4044
0.36992
0.60006
-0.0013082
-0.00011592
-0.0026589
-0.73326
0.057168
0.44982
-0.45857
0.1216
-0.66153
3.7208
8.4277
5.8131
0.55827
-0.4285
0.41254
0.57839
-0.0012466
-0.00047897
-0.002903
-0.63722
0.0029717
0.34745
-0.4588
0.12148
-0.66182
3.8303
8.4373
5.8856
0.5312
-0.45493
0.43817
0.56469
-0.0011642
-0.00072281
-0.0031215
-0.57171
-0.035637
0.238
-0.45904
0.12132
-0.66213
3.9229
8.4509
5.9292
0.50738
-0.47487
0.46174
0.55124
-0.0011607
-0.00078682
-0.0033489
-0.49192
-0.023613
0.36871
-0.45932
0.12112
-0.6625
4.0085
8.4695
5.9797
0.49554
-0.4977
0.47836
0.52717
-0.001104
-0.00068118
-0.0035653
-0.48929
0.07127
0.34393
-0.45963
0.12087
-0.66291
4.0901
8.4766
6.0467
0.48958
-0.50827
0.48874
0.51293
-0.0011022
-0.00052235
-0.0036941
-0.55261
0.14702
0.14951
-0.45995
0.12061
-0.66333
4.1738
8.4706
6.0846
0.47505
-0.51742
0.50635
0.50021
-0.00114
-0.00046792
-0.0037652
-0.56347
0.17829
0.24857
-0.4603
0.12029
-0.6638
4.2703
8.4551
6.1145
0.47896
-0.51847
0.50952
0.49211
-0.0011113
-0.00058252
-0.0038247
-0.55945
0.066363
0.40028
-0.46065
0.11997
-0.66428
4.3634
8.4477
6.1716
0.48506
-0.50945
0.50095
0.50421
-0.001122
-0.0007475
-0.0038586
-0.58076
-0.045073
0.28987
-0.46101
0.11962
-0.6648
4.4594
8.4597
6.23
0.47254
-0.49837
0.50493
0.52286
-0.0013108
-0.00087918
-0.0038347
-0.52735
-0.056258
0.30205
-0.46136
0.11925
-0.66534
4.5522
8.482
6.2764
0.469
-0.49888
0.50495
0.52552
-0.0015021
-0.00091818
-0.0037757
-0.50131
0.0091775
0.38255
-0.46166
0.1189
-0.66585
4.6306
8.4964
6.3334
0.48875
-0.50656
0.49018
0.51406
-0.0015749
-0.0006719
-0.0036539
-0.5252
0.10445
0.2195
-0.46195
0.11854
-0.6664
4.7194
8.5004
6.3864
0.48532
-0.50979
0.50221
0.50235
-0.0014425
-0.0003194
-0.0034509
-0.58119
0.15759
0.14642
-0.4622
0.1182
-0.66694
4.8139
8.4908
6.4126
0.49791
-0.50456
0.50108
0.49641
-0.0012758
5.9718e-05
-0.0031975
-0.59808
0.12187
0.34599
-0.46239
0.11793
-0.66744
4.9117
8.4807
6.4533
0.51381
-0.50667
0.46487
0.513
-0.0012871
0.00061544
-0.0028775
-0.60541
0.034642
0.18887
-0.46256
0.1177
-0.66798
5.0185
8.4801
6.5016
0.51216
-0.50459
0.46126
0.51992
-0.001431
0.0011226
-0.0025017
-0.59076
0.0093096
0.15547
-0.46267
0.11752
-0.66849
5.1146
8.4905
6.525
0.50641
-0.50201
0.47264
0.51784
-0.0015533
0.0014942
-0.0020321
-0.53362
-0.034725
0.31155
-0.46276
0.11739
-0.66905
5.207
8.5076
6.5643
0.51262
-0.5087
0.48022
0.49782
-0.001642
0.0017143
-0.0015594
-0.52407
0.0038803
0.35662
-0.46279
0.11733
-0.66962
5.2958
8.5259
6.6246
0.51466
-0.51416
0.47934
0.49092
-0.0016746
0.0018576
-0.0012028
-0.53655
0.078008
0.17556
-0.46278
0.11732
-0.67016
5.3804
8.5312
6.6672
0.50053
-0.5177
0.49312
0.48814
-0.0015598
0.0018584
-0.00097923
-0.57146
0.15636
0.30244
-0.46271
0.11738
-0.67072
5.4758
8.5234
6.7021
0.49689
-0.51782
0.49286
0.49199
-0.0014415
0.0016928
-0.00097034
-0.56349
0.084303
0.43889
-0.46259
0.11749
-0.67124
5.5754
8.5135
6.7694
0.50106
-0.52085
0.47928
0.49794
-0.0014924
0.0015961
-0.0012324
-0.61569
-0.018959
0.3
-0.46241
0.11762
-0.67169
5.669
8.5201
6.8296
0.48684
-0.52829
0.47919
0.50426
-0.0015747
0.0014885
-0.0017789
-0.60885
-0.083536
0.26347
-0.46217
0.11778
-0.67211
5.7739
8.5445
6.8698
0.47597
-0.53408
0.47722
0.51037
-0.0016253
0.0013334
-0.0023294
-0.55212
-0.057584
0.32633
-0.4619
0.11794
-0.67246
5.8596
8.568
6.9181
0.47045
-0.55509
0.49002
0.48003
-0.0017992
0.0012956
-0.0028927
-0.4821
0.012919
0.3064
-0.46157
0.11812
-0.67279
5.9476
8.5845
6.9745
0.46081
-0.5568
0.50539
0.4714
-0.0019312
0.0014373
-0.0034025
-0.4889
0.11544
0.13003
-0.46119
0.11829
-0.67306
6.0272
8.5853
7.0128
0.44889
-0.56694
0.51713
0.45789
-0.0020192
0.0015349
-0.0037538
-0.53496
0.18764
0.13759
-0.46082
0.11843
-0.67328
6.1097
8.572
7.0319
0.44166
-0.58545
0.53315
0.42183
-0.0020366
0.0014595
-0.003976
-0.58295
0.24529
0.35724
-0.46039
0.11857
-0.67346
6.211
8.5494
7.0743
0.43822
-0.60409
0.51347
0.42355
-0.0018542
0.00117
-0.0041097
-0.60756
0.10574
0.196
-0.45993
0.1187
-0.67361
6.3155
8.5325
7.1242
0.42502
-0.60292
0.52582
0.42352
-0.0017193
0.00088591
-0.0041589
-0.61081
0.035193
0.14653
-0.45949
0.11879
-0.6737
6.4108
8.5359
7.1476
0.40899
-0.61861
0.53098
0.41002
-0.0016736
0.00065406
-0.0041355
-0.58104
0.10943
0.29684
-0.45901
0.11886
-0.67377
6.5132
8.537
7.1835
0.4046
-0.63675
0.52845
0.38934
-0.0017147
0.00043164
-0.004048
-0.54454
0.18929
0.26792
-0.45859
0.11891
-0.6738
6.6059
8.5255
7.2341
0.40834
-0.62774
0.54984
0.36998
-0.0019056
0.0002013
-0.0038945
-0.62022
0.30072
0.2531
-0.45818
0.11892
-0.67382
6.7084
8.5016
7.2725
0.4069
-0.61662
0.56422
0.36861
-0.0020503
2.6201e-05
-0.0037246
-0.61464
0.28372
0.40176
-0.45782
0.11891
-0.67381
6.8186
8.4652
7.3306
0.40322
-0.62865
0.5601
0.35848
-0.0021195
-0.00012825
-0.0035362
-0.58988
0.21171
0.34962
-0.45754
0.11887
-0.67379
6.9194
8.4392
7.3951
0.40277
-0.63035
0.5539
0.36554
-0.0020681
-0.00036681
-0.0033315
-0.62137
0.1941
0.14401
-0.4573
0.11881
-0.67374
7.0274
8.4195
7.4347
0.38379
-0.63195
0.56618
0.36439
-0.0016683
-0.00068734
-0.0032144
-0.53326
0.18995
0.25655
-0.45713
0.11876
-0.67366
7.1269
8.4003
7.4684
0.37159
-0.65602
0.55959
0.34412
-0.0012704
-0.00099292
-0.0030988
-0.49018
0.23611
0.2505
-0.45703
0.11872
-0.67355
7.2135
8.3807
7.5052
0.374
-0.66874
0.55168
0.32949
-0.0010844
-0.0012699
-0.0028635
-0.50136
0.40057
0.16293
-0.45699
0.11869
-0.6734
7.3045
8.3389
7.5409
0.3533
-0.66603
0.57389
0.31973
-0.0010125
-0.0014155
-0.0026108
-0.5162
0.48399
0.22799
-0.45702
0.11868
-0.67322
7.393
8.2803
7.569
0.35348
-0.67217
0.57144
0.31097
-0.0012017
-0.0013955
-0.0023814
-0.57057
0.36368
0.39029
-0.45712
0.11867
-0.67299
7.4948
8.2201
7.6221
0.36256
-0.67561
0.55935
0.315
-0.0014521
-0.0012765
-0.0022713
-0.6956
0.27356
0.2737
-0.4573
0.11867
-0.67273
7.6071
8.1813
7.6836
0.36206
-0.67113
0.56065
0.32276
-0.001626
-0.0010179
-0.0022928
-0.7631
0.23228
0.17433
-0.45754
0.11867
-0.67246
7.7306
8.1565
7.713
0.35624
-0.67516
0.5567
0.32763
-0.0017732
-0.00067286
-0.0024342
-0.80362
0.12936
0.2952
-0.45787
0.11867
-0.67215
7.8649
8.1413
7.7567
0.39031
-0.67604
0.52598
0.33761
-0.002082
-0.0003493
-0.0025762
-0.82234
0.09201
0.167
-0.45827
0.11868
-0.67181
8.0089
8.143
7.7981
0.41969
-0.66454
0.50334
0.35902
-0.002556
-0.00012938
-0.0027584
-0.90371
0.22571
-0.1263
-0.4587
0.11869
-0.67148
8.1498
8.1358
7.8029
0.4327
-0.65677
0.50059
0.36172
-0.002466
-0.00022372
-0.0031319
-0.99151
0.30358
-0.062715
-0.45919
0.11872
-0.67113
8.3186
8.1126
7.7789
0.45306
-0.64845
0.48437
0.37367
-0.0020926
-0.00052892
-0.0035499
-1.0628
0.23069
0.079989
-0.45966
0.11876
-0.67081
8.4882
8.0879
7.784
0.47659
-0.63373
0.47397
0.38289
-0.001539
-0.00089188
-0.0038983
-1.1686
0.00087468
-0.043138
-0.46015
0.11884
-0.67051
8.6811
8.0932
7.7915
0.49516
-0.606
0.47078
0.40737
-0.0011266
-0.0011839
-0.0040324
-1.2586
-0.17235
-0.045055
-0.46062
0.11894
-0.67025
8.8822
8.1394
7.7775
0.50197
-0.59984
0.46788
0.41147
-0.00089715
-0.0013261
-0.0039731
-1.2744
-0.16806
0.21494
-0.46104
0.11904
-0.67004
9.0827
8.1952
7.7938
0.52415
-0.59325
0.44649
0.41709
-0.00081488
-0.0012574
-0.003828
-1.2808
-0.11984
0.041435
-0.46145
0.11916
-0.66986
9.2938
8.2477
7.8212
0.52917
-0.58905
0.43484
0.42885
-0.00094152
-0.0011846
-0.0036529
-1.2954
-0.0187
-0.10435
-0.46182
0.11929
-0.66973
9.5105
8.2905
7.8074
0.52751
-0.5688
0.42832
0.46341
-0.0011322
-0.001078
-0.0035085
-1.3303
0.035544
0.022616
-0.46214
0.11939
-0.66964
9.7187
8.3159
7.7987
0.5532
-0.55988
0.41639
0.45511
-0.0013492
-0.00078182
-0.0034012
-1.2982
0.031859
0.13813
-0.46243
0.11948
-0.66957
9.9446
8.3395
7.815
0.56558
-0.55389
0.39702
0.46443
-0.0014888
-0.00048502
-0.003355
-1.3223
-0.016762
-0.074135
-0.46268
0.11955
-0.66953
10.155
8.3684
7.823
0.56075
-0.54356
0.38731
0.49
-0.0014548
-0.00024386
-0.0034041
-1.2681
-8.242e-05
-0.041815
-0.46292
0.11961
-0.66952
10.37
8.3976
7.8073
0.53544
-0.564
0.40557
0.48033
-0.0012087
-8.39e-05
-0.003581
-1.2969
0.027302
0.12813
-0.46312
0.11965
-0.66952
10.583
8.4247
7.8176
0.52647
-0.57888
0.42108
0.45872
-0.00097786
2.3588e-05
-0.003796
-1.3317
0.024836
-0.033391
-0.46329
0.11968
-0.66954
10.792
8.4494
7.828
0.51761
-0.56231
0.44163
0.46995
-0.00087559
0.00011294
-0.0040064
-1.3506
0.017927
-0.044249
-0.46343
0.1197
-0.66958
11.013
8.4785
7.8174
0.53124
-0.53884
0.4332
0.48966
-0.00087651
0.00024359
-0.0041941
-1.3782
-0.11622
0.096541
-0.46355
0.1197
-0.66964
11.245
8.5161
7.8227
0.56734
-0.51038
0.42985
0.48256
-0.00091966
0.00036101
-0.0043716
-1.3256
-0.28155
0.034681
-0.46364
0.11968
-0.6697
11.457
8.5805
7.8387
0.58933
-0.47892
0.4169
0.49952
-0.00094886
0.00039103
-0.0045644
-1.312
-0.42045
-0.16423
-0.46371
0.11965
-0.66978
11.674
8.6728
7.8242
0.5955
-0.46128
0.40188
0.52066
-0.00092314
0.00039711
-0.004751
-1.2759
-0.5229
0.016185
-0.46375
0.11961
-0.66987
11.869
8.7749
7.8098
0.61796
-0.45661
0.3785
0.51611
-0.00089162
0.000455
-0.0049386
-1.214
-0.50958
0.0405
-0.46377
0.11955
-0.66997
12.07
8.8918
7.8207
0.6397
-0.4472
0.35623
0.51371
-0.00095991
0.00054115
-0.0050617
-1.221
-0.5105
-0.19892
-0.46378
0.11948
-0.67007
12.266
9.0065
7.8047
0.63993
-0.42607
0.34258
0.54
-0.00103
0.0006385
-0.0051163
-1.261
-0.49556
-0.083662
-0.46376
0.11941
-0.67017
12.452
9.1132
7.7774
0.65222
-0.41427
0.33442
0.53959
-0.0010958
0.00077649
-0.005119
-1.2044
-0.54542
0.084907
-0.46373
0.11932
-0.67026
12.655
9.229
7.7802
0.66621
-0.4129
0.30753
0.53953
-0.0011912
0.00091557
-0.005078
-1.1483
-0.59834
-0.009662
-0.46368
0.11923
-0.67036
12.84
9.354
7.7911
0.66003
-0.40308
0.29525
0.561
-0.00125
0.0010515
-0.005048
-1.1648
-0.60602
-0.086743
-0.46363
0.11914
-0.67044
13.01
9.4744
7.7767
0.63533
-0.41478
0.31028
0.57275
-0.001219
0.0012068
-0.0050604
-1.1279
-0.59295
0.15809
-0.46357
0.11904
-0.67053
13.186
9.5989
7.7834
0.64088
-0.41867
0.31945
0.55852
-0.0011746
0.0013497
-0.0050917
-1.1337
-0.58227
0.05952
-0.4635
0.11895
-0.6706
13.352
9.7197
7.8053
0.64389
-0.41497
0.32731
0.55324
-0.0011702
0.0014711
-0.0051177
-1.2109
-0.56613
-0.17061
-0.46342
0.11885
-0.67066
13.533
9.8443
7.7919
0.63225
-0.407
0.34563
0.56139
-0.0012267
0.001538
-0.0051214
-1.2495
-0.59502
0.04872
-0.46333
0.11875
-0.67072
13.727
9.9685
7.7791
0.65645
-0.39378
0.3263
0.55455
-0.0012661
0.0015156
-0.0051195
-1.1806
-0.74599
0.12796
-0.46325
0.11865
-0.67076
13.91
10.103
7.7974
0.67926
-0.3761
0.29636
0.55617
-0.001205
0.0014216
-0.0051373
-1.0823
-0.80439
-0.035974
-0.46316
0.11855
-0.6708
14.083
10.261
7.8084
0.6649
-0.35488
0.30279
0.58333
-0.0010551
0.0013179
-0.0051718
-1.0593
-0.7934
-0.017581
-0.46306
0.11846
-0.67082
14.242
10.421
7.7967
0.65587
-0.36077
0.30847
0.58697
-0.00085797
0.0012504
-0.0052093
-0.97785
-0.74929
0.11788
-0.46297
0.11838
-0.67085
14.388
10.565
7.8103
0.67006
-0.34888
0.30338
0.58074
-0.00069387
0.0012454
-0.005226
-0.91737
-0.74808
-0.085418
-0.46287
0.1183
-0.67086
14.53
10.714
7.8155
0.66614
-0.33555
0.2865
0.60131
-0.0006225
0.0012729
-0.0051957
-0.99863
-0.76614
-0.14964
-0.46277
0.11823
-0.67087
14.674
10.863
7.79
0.66932
-0.32951
0.26601
0.61047
-0.00059205
0.0012826
-0.0051283
-1.026
-0.78967
0.10308
-0.46268
0.11817
-0.67088
14.821
11.007
7.7836
0.68142
-0.31611
0.25444
0.60909
-0.00057104
0.0012552
-0.0050078
-0.9754
-0.8636
0.16518
-0.46259
0.11811
-0.67088
14.971
11.171
7.8143
0.67642
-0.30398
0.25852
0.61905
-0.00059905
0.0011911
-0.0048219
-0.92189
-0.96687
-0.066477
-0.4625
0.11806
-0.67088
15.109
11.346
7.8196
0.65997
-0.30738
0.26333
0.63294
-0.00068661
0.0011329
-0.0045954
-0.89069
-0.93917
0.067267
-0.46242
0.11802
-0.67088
15.229
11.518
7.8157
0.66617
-0.32973
0.25773
0.6173
-0.00083572
0.0011052
-0.0043106
-0.8566
-0.87374
0.076121
-0.46234
0.11797
-0.67087
15.359
11.688
7.8346
0.67769
-0.33009
0.25758
0.60451
-0.0010192
0.0010843
-0.0039841
-0.91754
-0.91058
-0.20228
-0.46226
0.11793
-0.67086
15.486
11.859
7.823
0.66252
-0.3203
0.27753
0.61762
-0.0011855
0.001053
-0.0036595
-1.0553
-0.91859
-0.068127
-0.4622
0.11789
-0.67085
15.622
12.026
7.7973
0.66333
-0.31864
0.27131
0.62036
-0.0013247
0.0010063
-0.0033091
-0.99171
-0.94364
0.13812
-0.46213
0.11785
-0.67083
15.775
12.206
7.8068
0.67403
-0.32097
0.24962
0.61672
-0.0014166
0.00094556
-0.0029789
-0.93853
-0.97511
-0.0034093
-0.46207
0.11781
-0.67081
15.909
12.38
7.8208
0.66437
-0.30796
0.25699
0.63066
-0.0014794
0.00087663
-0.0026263
-0.93041
-0.97237
0.017831
-0.46201
0.11777
-0.67079
16.041
12.566
7.8122
0.64928
-0.31147
0.27269
0.63802
-0.0015248
0.00082843
-0.002273
-0.89145
-0.9002
0.18629
-0.46195
0.11774
-0.67076
16.17
12.745
7.833
0.66357
-0.31839
0.25538
0.62696
-0.0015761
0.00080095
-0.0019408
-0.90628
-0.8414
0.026233
-0.4619
0.11771
-0.67073
16.294
12.901
7.853
0.66439
-0.32236
0.26565
0.61976
-0.0016575
0.00079292
-0.0015944
-0.95207
-0.83941
-0.17838
-0.46185
0.11768
-0.6707
16.43
13.064
7.8342
0.64836
-0.31122
0.28679
0.63286
-0.0017553
0.00082782
-0.0012913
-1.0182
-0.80456
0.044626
-0.4618
0.11765
-0.67066
16.567
13.215
7.8216
0.67111
-0.30204
0.27124
0.62033
-0.0018837
0.0009187
-0.0010041
-0.98749
-0.82468
0.10546
-0.46175
0.11762
-0.67063
16.719
13.376
7.8416
0.68742
-0.30049
0.25613
0.60956
-0.0020406
0.0010491
-0.00075758
-1.0001
-0.84874
-0.17602
-0.46171
0.11759
-0.67059
16.868
13.543
7.835
0.6737
-0.31526
0.2647
0.61373
-0.0022124
0.0011886
-0.00056178
-0.99891
-0.81791
-0.066263
-0.46168
0.11757
-0.67055
17.01
13.694
7.8098
0.66244
-0.35245
0.27331
0.60188
-0.002409
0.0013465
-0.00039121
-1.0066
-0.73393
0.10687
-0.46165
0.11754
-0.67051
17.16
13.846
7.8171
0.66454
-0.37794
0.28506
0.57818
-0.0025999
0.0014869
-0.00026569
-1.0456
-0.67978
-0.11975
-0.46162
0.11751
-0.67047
17.308
13.979
7.8185
0.64714
-0.37706
0.31521
0.58282
-0.0027961
0.0016152
-0.00017242
-1.1058
-0.73395
-0.086217
-0.46159
0.11747
-0.67043
17.469
14.123
7.7949
0.65536
-0.36501
0.30575
0.58633
-0.0029891
0.0017347
-0.00011353
-1.083
-0.73993
0.13756
-0.46157
0.11744
-0.67039
17.638
14.273
7.8014
0.67177
-0.35968
0.28632
0.58084
-0.003199
0.0018337
-7.5854e-05
-1.0771
-0.74786
-0.023033
-0.46156
0.1174
-0.67035
17.794
14.416
7.8159
0.6573
-0.35892
0.28832
0.59666
-0.0034672
0.0019027
-5.2073e-05
-1.0448
-0.75036
-0.16812
-0.46154
0.11736
-0.67031
17.955
14.566
7.7928
0.64829
-0.3767
0.30616
0.58659
-0.0037448
0.0019283
-5.2651e-05
-1.0498
-0.68976
0.038621
-0.46153
0.11732
-0.67027
18.103
14.702
7.7816
0.6533
-0.40056
0.30296
0.56654
-0.0040292
0.0019319
-8.7549e-05
-1.1225
-0.60406
0.01852
-0.46152
0.11727
-0.67023
18.271
14.836
7.7954
0.64045
-0.40988
0.32973
0.55956
-0.004293
0.0019314
-0.00015519
-1.2024
-0.55837
-0.20873
-0.46151
0.11722
-0.6702
18.449
14.961
7.7727
0.61778
-0.41165
0.3425
0.57584
-0.0045428
0.001942
-0.00023335
-1.2655
-0.53451
0.038678
-0.4615
0.11717
-0.67017
18.631
15.07
7.7564
0.62006
-0.43196
0.33857
0.56063
-0.0048307
0.0019665
-0.00032378
-1.2057
-0.52659
0.12634
-0.46149
0.11712
-0.67013
18.828
15.187
7.7744
0.62171
-0.44635
0.32768
0.55396
-0.0051317
0.0019854
-0.00042997
-1.1891
-0.51914
-0.097293
-0.46148
0.11706
-0.6701
19.019
15.302
7.7787
0.60853
-0.45375
0.32994
0.5612
-0.0054162
0.0019786
-0.00055239
-1.1954
-0.46487
-0.046991
-0.46148
0.11701
-0.67007
19.195
15.404
7.7604
0.59052
-0.48231
0.37002
0.5308
-0.0056934
0.0019251
-0.00071583
-1.1683
-0.31322
0.11958
-0.46147
0.11695
-0.67004
19.382
15.498
7.7741
0.59243
-0.50543
0.39411
0.4881
-0.0059229
0.0018146
-0.00092529
-1.2102
-0.22071
-0.13112
-0.46146
0.11689
-0.67001
19.578
15.569
7.7773
0.57843
-0.51991
0.397
0.48734
-0.006119
0.0016622
-0.0011586
-1.3114
-0.22534
-0.17275
-0.46145
0.11683
-0.66999
19.772
15.629
7.7467
0.56617
-0.51642
0.42234
0.48414
-0.0063228
0.0014651
-0.0014338
-1.3433
-0.10898
0.18799
-0.46143
0.11677
-0.66996
19.99
15.691
7.7494
0.56097
-0.51513
0.43381
0.48141
-0.0065286
0.001266
-0.0017045
-1.294
-0.1516
0.098819
-0.46141
0.11671
-0.66993
20.193
15.74
7.7771
0.5579
-0.51384
0.43402
0.48615
-0.0067826
0.0010524
-0.0019952
-1.3133
-0.15015
-0.14189
-0.46139
0.11665
-0.6699
20.409
15.796
7.7706
0.54559
-0.51507
0.44028
0.49314
-0.0070628
0.000847
-0.0022806
-1.3276
-0.098856
0.035371
-0.46136
0.11659
-0.66987
20.627
15.848
7.7571
0.54137
-0.53524
0.43837
0.47778
-0.0073359
0.00066627
-0.0025446
-1.3061
0.04679
0.10992
-0.46133
0.11653
-0.66984
20.836
15.879
7.7734
0.54095
-0.54699
0.43341
0.46939
-0.0076309
0.00048623
-0.0028195
-1.3399
0.13635
-0.13967
-0.4613
0.11646
-0.6698
21.059
15.893
7.7693
0.52808
-0.54204
0.46282
0.46165
-0.0079296
0.00032228
-0.003064
-1.409
0.15409
-0.011046
-0.46126
0.1164
-0.66977
21.279
15.899
7.7543
0.5443
-0.5347
0.45698
0.45717
-0.0082804
0.00014202
-0.0033049
-1.3922
-0.041504
0.14
-0.46122
0.11633
-0.66974
21.521
15.922
7.7693
0.57075
-0.52013
0.43863
0.45969
-0.0086498
-4.7359e-05
-0.0035285
-1.3041
-0.097192
-0.025706
-0.46119
0.11626
-0.66971
21.747
15.969
7.7808
0.56822
-0.51311
0.43599
0.47304
-0.0089914
-0.00022926
-0.0037263
-1.3423
-0.048124
-0.1124
-0.46115
0.11619
-0.66967
21.954
16.007
7.7654
0.55056
-0.5307
0.45426
0.45705
-0.0093362
-0.00041479
-0.0039225
-1.2947
-0.023554
0.13849
-0.46111
0.11612
-0.66964
22.176
16.042
7.7692
0.55582
-0.54032
0.44916
0.44426
-0.0096641
-0.00057729
-0.0040999
-1.2653
0.032523
0.017649
-0.46107
0.11604
-0.6696
22.391
16.073
7.7849
0.53948
-0.5444
0.46283
0.4454
-0.0099573
-0.00069672
-0.0042457
-1.3363
0.043551
-0.13066
-0.46103
0.11597
-0.66956
22.597
16.094
7.7708
0.53978
-0.52641
0.45351
0.47525
-0.010234
-0.00079496
-0.004375
-1.3853
0.05176
0.076439
-0.46099
0.11589
-0.66952
22.827
16.116
7.7622
0.55397
-0.51881
0.44136
0.4787
-0.010443
-0.00087217
-0.0044715
-1.3214
-0.067888
0.16062
-0.46096
0.11581
-0.66948
23.042
16.147
7.7882
0.56759
-0.51187
0.42948
0.48102
-0.010603
-0.00093524
-0.0045488
-1.3643
-0.1337
-0.10564
-0.46092
0.11572
-0.66943
23.267
16.197
7.7934
0.55366
-0.49174
0.43985
0.50812
-0.010689
-0.00097669
-0.0045999
-1.4028
-0.10014
-0.092989
-0.46089
0.11564
-0.66939
23.494
16.249
7.7686
0.54326
-0.48562
0.45438
0.51243
-0.010698
-0.00099279
-0.004618
-1.3526
-0.080198
0.16783
-0.46087
0.11556
-0.66934
23.711
16.292
7.7771
0.53868
-0.49731
0.4629
0.49822
-0.010619
-0.00098918
-0.0045986
-1.3393
-0.044454
-0.07549
-0.46084
0.11547
-0.66929
23.933
16.334
7.791
0.53326
-0.49083
0.46545
0.50801
-0.010429
-0.00096978
-0.0045374
-1.3881
-0.052685
-0.10649
-0.46082
0.11539
-0.66924
24.16
16.374
7.7679
0.54015
-0.48704
0.45381
0.51487
-0.010134
-0.00092926
-0.0044416
-1.3645
-0.073705
0.12235
-0.46081
0.11531
-0.66919
24.377
16.411
7.7706
0.55163
-0.4886
0.43151
0.52036
-0.009678
-0.00085563
-0.004305
-1.3128
-0.19441
0.080912
-0.4608
0.11523
-0.66914
24.598
16.464
7.7944
0.55228
-0.4888
0.43397
0.51742
-0.0091036
-0.00075862
-0.0041523
-1.3773
-0.19487
-0.19106
-0.4608
0.11516
-0.66909
24.807
16.525
7.7839
0.55744
-0.4844
0.42137
0.52638
-0.0083003
-0.00062545
-0.0039713
-1.4242
-0.16393
-0.031094
-0.4608
0.11509
-0.66904
25.042
16.588
7.7557
0.5395
-0.51292
0.43676
0.50507
-0.0073042
-0.00045719
-0.0037823
-1.3133
-0.061591
0.11078
-0.4608
0.11503
-0.66898
25.267
16.638
7.769
0.53735
-0.52031
0.45977
0.47868
-0.006306
-0.00027787
-0.0036012
-1.4281
-0.070935
-0.10544
-0.46081
0.11498
-0.66893
25.48
16.68
7.7736
0.55886
-0.49657
0.46197
0.47716
-0.0052432
-8.6826e-05
-0.0034025
-1.4337
-0.03898
-0.081171
-0.46082
0.11493
-0.66887
25.723
16.726
7.7552
0.54767
-0.48195
0.45033
0.51477
-0.0043487
8.2e-05
-0.0032133
-1.3311
-0.089537
0.18295
-0.46084
0.1149
-0.66882
25.941
16.762
7.7649
0.56407
-0.48461
0.4297
0.51218
-0.0035205
0.00024787
-0.0030125
-1.3562
-0.14685
0.014872
-0.46086
0.11487
-0.66877
26.163
16.813
7.7855
0.5696
-0.46782
0.4255
0.52502
-0.0028244
0.00039515
-0.0028114
-1.444
-0.15944
-0.096732
-0.46088
0.11484
-0.66871
26.395
16.871
7.7684
0.55809
-0.46647
0.44588
0.52165
-0.0022699
0.00052352
-0.0026312
-1.4541
-0.12667
0.10635
-0.46091
0.11482
-0.66866
26.619
16.926
7.7731
0.55089
-0.48599
0.43667
0.51928
-0.001766
0.00067288
-0.0024628
-1.4067
7.4685e-05
0.038696
-0.46093
0.1148
-0.66861
26.855
16.965
7.788
0.55752
-0.4851
0.4423
0.50815
-0.0013433
0.00083373
-0.0023238
-1.419
0.07216
-0.13019
-0.46096
0.11478
-0.66856
27.093
16.992
7.7769
0.54619
-0.46059
0.46109
0.52624
-0.0010224
0.00098342
-0.0022211
-1.3128
0.11367
0.094227
-0.46099
0.11477
-0.66851
27.313
17.009
7.7702
0.54904
-0.46804
0.46499
0.5131
-0.00073674
0.0011319
-0.0021509
-1.2362
-0.0072467
0.15984
-0.46101
0.11475
-0.66846
27.528
17.027
7.8009
0.56428
-0.47724
0.43762
0.51217
-0.00051941
0.0012403
-0.002124
-1.2969
-0.086222
-0.12665
-0.46104
0.11474
-0.66841
27.732
17.063
7.8017
0.55256
-0.48439
0.43982
0.51633
-0.00035692
0.0013099
-0.0021306
-1.389
-0.10374
-0.16518
-0.46106
0.11473
-0.66836
27.958
17.111
7.7729
0.52106
-0.48917
0.46792
0.51987
-0.00025247
0.0013332
-0.002175
-1.3093
-0.022201
0.10574
-0.46108
0.11472
-0.66831
28.182
17.155
7.7742
0.52307
-0.50556
0.47812
0.49215
-0.00021795
0.0013258
-0.0022513
-1.3902
0.039752
-0.064334
-0.46109
0.11471
-0.66826
28.397
17.181
7.7817
0.51827
-0.51516
0.47731
0.48804
-0.00026836
0.0013235
-0.0023562
-1.5032
0.080005
-0.15868
-0.4611
0.11469
-0.66821
28.642
17.204
7.7556
0.52765
-0.51807
0.45446
0.49666
-0.00039758
0.0013642
-0.0024705
-1.3477
0.11607
0.12056
-0.4611
0.11467
-0.66816
28.887
17.217
7.7536
0.53527
-0.53383
0.43823
0.48628
-0.0005444
0.0014183
-0.0025777
-1.2299
0.039389
0.044917
-0.4611
0.11465
-0.66811
29.089
17.231
7.7714
0.54642
-0.52864
0.42735
0.48922
-0.00069314
0.0014553
-0.0026872
-1.3391
0.045953
-0.14189
-0.4611
0.11462
-0.66805
29.307
17.255
7.7635
0.53204
-0.51879
0.44324
0.50133
-0.00085643
0.0015017
-0.0027796
-1.4297
0.10649
-0.023254
-0.46109
0.1146
-0.668
29.528
17.271
7.7461
0.51959
-0.53036
0.44189
0.50347
-0.00099552
0.001543
-0.0028734
-1.3893
0.13663
0.13917
-0.46107
0.11456
-0.66795
29.771
17.283
7.7604
0.54394
-0.50944
0.44963
0.49237
-0.0010834
0.0015233
-0.0029219
-1.4218
0.1648
-0.019352
-0.46105
0.11452
-0.6679
30.015
17.295
7.7757
0.53118
-0.49488
0.46909
0.50288
-0.0011395
0.0015231
-0.0029007
-1.407
0.27526
-0.12954
-0.46103
0.11448
-0.66785
30.24
17.291
7.7583
0.53468
-0.51417
0.44757
0.49942
-0.0011903
0.0016347
-0.002843
-1.2145
0.25315
0.14675
-0.46101
0.11444
-0.6678
30.473
17.272
7.7597
0.55219
-0.5345
0.43836
0.46608
-0.0012842
0.001876
-0.0027311
-1.2185
0.15114
0.0099385
-0.46099
0.1144
-0.66775
30.682
17.265
7.7774
0.54313
-0.52935
0.44482
0.47638
-0.0013498
0.0020856
-0.0026276
-1.4699
0.018104
-0.14563
-0.46098
0.11436
-0.66771
30.895
17.282
7.7619
0.50323
-0.52226
0.46546
0.5073
-0.0012992
0.0021035
-0.0026314
-1.4887
-0.0030025
0.098874
-0.46097
0.11432
-0.66766
31.142
17.314
7.759
0.48849
-0.53371
0.46202
0.51289
-0.0011892
0.0017954
-0.0027354
-1.4964
0.048622
0.087353
-0.46097
0.11428
-0.66761
31.38
17.342
7.7759
0.49404
-0.53109
0.46561
0.50702
-0.0012042
0.0012991
-0.0028695
-1.5034
0.078746
-0.11501
-0.46097
0.11424
-0.66756
31.631
17.367
7.7733
0.49247
-0.49896
0.47151
0.53497
-0.001462
0.00060149
-0.0030098
-1.4247
0.10734
0.072594
-0.46098
0.11421
-0.66751
31.884
17.384
7.7617
0.50887
-0.50781
0.46067
0.52055
-0.0017132
-0.00012717
-0.0031827
-1.3154
0.081755
0.21087
-0.461
0.11417
-0.66747
32.104
17.399
7.7889
0.52517
-0.51646
0.44482
0.50951
-0.0018759
-0.00071994
-0.003387
-1.3138
-0.0061913
-0.028657
-0.46102
0.11414
-0.66742
32.327
17.424
7.8073
0.51161
-0.49945
0.45287
0.53265
-0.0020391
-0.0010242
-0.0035571
-1.4025
-0.011036
-0.0089867
-0.46107
0.1141
-0.66737
32.56
17.461
7.7909
0.47967
-0.50804
0.49304
0.51839
-0.0022823
-0.0011384
-0.0036354
-1.3221
0.046981
0.24619
-0.46112
0.11407
-0.66731
32.766
17.487
7.8175
0.47826
-0.51915
0.49522
0.50646
-0.0026233
-0.0010674
-0.0035749
-1.3049
0.10586
0.061204
-0.4612
0.11403
-0.66725
32.993
17.503
7.8461
0.47484
-0.52047
0.50112
0.5025
-0.0029232
-0.00088066
-0.0034178
-1.2156
0.21174
-0.12354
-0.4613
0.11398
-0.66719
33.196
17.508
7.838
0.45284
-0.54741
0.49155
0.50365
-0.0031752
-0.00070466
-0.0032586
-1.0339
0.52555
0.090665
-0.46142
0.11393
-0.66713
33.399
17.47
7.8263
0.40735
-0.60069
0.52337
0.44645
-0.0029415
-0.00062066
-0.0031864
-0.67353
0.68738
0.12987
-0.46155
0.11387
-0.66706
33.549
17.39
7.8564
0.34903
-0.64517
0.56069
0.38413
-0.0025262
-0.00059128
-0.0031784
-0.54749
0.83206
0.036181
-0.46168
0.11383
-0.667
33.656
17.284
7.8706
0.27335
-0.67258
0.61106
0.31548
-0.0020564
-0.00058465
-0.0031977
-0.45936
0.97904
-0.0040766
-0.46182
0.11379
-0.66694
33.757
17.148
7.8689
0.18554
-0.69957
0.65089
0.22917
-0.0012116
-0.0006379
-0.0032444
-0.32103
1.0077
0.077184
-0.46196
0.11375
-0.66688
33.843
16.996
7.8763
0.12882
-0.7239
0.66339
0.13888
-0.000349
-0.00070231
-0.0032364
-0.22737
1.1846
-0.027569
-0.46208
0.11374
-0.66683
33.909
16.831
7.8861
0.091866
-0.7175
0.68178
0.10921
-7.654e-05
-0.00074742
-0.0031704
-0.077685
1.2541
-0.16613
-0.4622
0.11373
-0.66677
33.964
16.633
7.8642
0.077287
-0.71692
0.68566
0.099609
8.5149e-05
-0.00085287
-0.0031274
0.050458
1.2811
0.093267
-0.4623
0.11372
-0.66672
33.993
16.427
7.8546
0.067471
-0.73802
0.66624
0.083071
-5.234e-05
-0.00099014
-0.0031362
0.020738
1.1363
0.16434
-0.4624
0.11372
-0.66668
34.016
16.219
7.8823
0.047975
-0.74063
0.66714
0.06393
-0.00020058
-0.0010627
-0.003198
-0.064399
1.2956
-0.12866
-0.46249
0.11373
-0.66664
34.047
16.018
7.8886
0.046739
-0.72366
0.68469
0.072981
-0.00036296
-0.0010996
-0.0032862
-0.086395
1.4002
-0.072339
-0.46256
0.11372
-0.66661
34.089
15.806
7.8645
0.044965
-0.70457
0.69995
0.10783
-0.00052942
-0.0011707
-0.0033949
-0.032464
1.3207
0.13113
-0.46263
0.11372
-0.66657
34.131
15.571
7.8699
0.050596
-0.72485
0.68315
0.073056
-0.00062805
-0.0012128
-0.0034194
0.0070935
1.3353
0.051867
-0.46268
0.11371
-0.66653
34.166
15.344
7.8911
0.046977
-0.70933
0.70108
0.055919
-0.00068464
-0.0011251
-0.0033445
0.029825
1.4415
-0.10487
-0.46273
0.11369
-0.66648
34.194
15.126
7.8822
0.052278
-0.70526
0.70287
0.076497
-0.00077607
-0.00092971
-0.003253
0.027311
1.3514
0.15509
-0.46277
0.11367
-0.66643
34.219
14.886
7.882
0.068303
-0.729
0.67621
0.081416
-0.00092752
-0.00078446
-0.0031306
-0.11963
1.2624
0.071393
-0.46281
0.11363
-0.66637
34.256
14.675
7.9053
0.084412
-0.74056
0.66101
0.086632
-0.0011163
-0.00074786
-0.0029993
-0.22404
1.3344
-0.16339
-0.46285
0.11359
-0.6663
34.317
14.459
7.8978
0.09699
-0.73228
0.66922
0.080673
-0.0012623
-0.00072776
-0.0029136
-0.31211
1.3792
0.076084
-0.46289
0.11354
-0.66623
34.394
14.237
7.8849
0.098308
-0.72406
0.67646
0.092046
-0.0014198
-0.00067258
-0.0028909
-0.26054
1.347
0.15452
-0.46291
0.11349
-0.66616
34.473
14.026
7.9085
0.1137
-0.73167
0.66495
0.097801
-0.0016319
-0.00042628
-0.0029119
-0.19317
1.3273
-0.061456
-0.46293
0.11344
-0.66608
34.544
13.8
7.9177
0.11893
-0.72783
0.6691
0.091794
-0.0019562
-5.3734e-05
-0.002952
-0.09567
1.3631
-0.1496
-0.46296
0.11339
-0.666
34.601
13.577
7.8937
0.13456
-0.74394
0.64834
0.090041
-0.0022451
0.00021015
-0.0030127
-0.17658
1.3136
0.16349
-0.46297
0.11334
-0.66592
34.648
13.367
7.8969
0.16015
-0.7583
0.6221
0.11102
-0.0024538
0.00030811
-0.003114
-0.37223
1.2573
0.13351
-0.46299
0.11329
-0.66583
34.726
13.156
7.9291
0.17539
-0.74884
0.62571
0.13027
-0.0026039
0.00039222
-0.0032547
-0.47285
1.2822
-0.049912
-0.46299
0.11324
-0.66575
34.818
12.966
7.933
0.18189
-0.73081
0.63815
0.16
-0.0025354
0.00055063
-0.0034336
-0.51091
1.2762
0.07894
-0.46298
0.1132
-0.66567
34.931
12.76
7.9323
0.18803
-0.74628
0.62075
0.1496
-0.0026054
0.00076263
-0.0035837
-0.51808
1.2281
0.070394
-0.46295
0.11318
-0.6656
35.048
12.561
7.9495
0.21428
-0.75306
0.60415
0.1483
-0.0027712
0.00092761
-0.0037209
-0.58313
1.1421
-0.092629
-0.46292
0.11316
-0.66554
35.162
12.386
7.9479
0.23962
-0.72212
0.61993
0.19187
-0.0031273
0.0009973
-0.003871
-0.70577
1.1065
0.032085
-0.46287
0.11314
-0.66549
35.297
12.208
7.938
0.29172
-0.69961
0.61176
0.22626
-0.0037584
0.0011083
-0.0039801
-0.77479
0.86065
0.2027
-0.46279
0.11311
-0.66545
35.444
12.06
7.9657
0.34018
-0.68866
0.58098
0.26923
-0.0043171
0.0012411
-0.0040921
-0.96365
0.7061
-0.014354
-0.46271
0.11309
-0.66543
35.601
11.953
7.9824
0.39729
-0.66184
0.553
0.31356
-0.0044899
0.0013156
-0.0042523
-1.0822
0.6081
-0.1227
-0.46261
0.11305
-0.66541
35.794
11.865
7.9651
0.42078
-0.63492
0.55145
0.34018
-0.0045522
0.0013681
-0.0044431
-1.0976
0.59316
0.038454
-0.46251
0.11302
-0.66541
35.982
11.795
7.9567
0.44756
-0.62762
0.53577
0.34458
-0.0042363
0.001477
-0.004657
-1.0218
0.5538
-0.012397
-0.46238
0.113
-0.66543
36.174
11.724
7.9655
0.47777
-0.62109
0.50616
0.36025
-0.0038934
0.0016391
-0.00482
-1.0773
0.48653
-0.1458
-0.46226
0.11297
-0.66545
36.365
11.659
7.9477
0.50028
-0.58302
0.50534
0.39298
-0.0035349
0.00184
-0.0049268
-1.0586
0.46509
-0.035867
-0.46214
0.11296
-0.66549
36.547
11.609
7.9313
0.53307
-0.54953
0.48963
0.41728
-0.0028835
0.0020344
-0.0050047
-1.0152
0.21284
0.19769
-0.46202
0.11294
-0.66555
36.729
11.573
7.9524
0.57655
-0.51764
0.45423
0.43966
-0.0030054
0.0021604
-0.0050209
-1.094
-0.051884
-0.046003
-0.4619
0.11292
-0.66562
36.91
11.586
7.9692
0.60657
-0.46644
0.42194
0.48628
-0.0035111
0.0023011
-0.0050097
-1.1397
-0.17239
-0.15644
-0.46179
0.11288
-0.6657
37.088
11.63
7.9454
0.62033
-0.4235
0.41445
0.51388
-0.0035358
0.0024602
-0.0050096
-1.1203
-0.29103
0.056094
-0.46168
0.11282
-0.66579
37.273
11.696
7.939
0.6518
-0.38524
0.3827
0.52942
-0.0034442
0.0025093
-0.0050101
-1.0463
-0.36145
0.050882
-0.46158
0.11276
-0.66588
37.438
11.771
7.9514
0.6815
-0.34583
0.34162
0.54704
-0.0031337
0.0023448
-0.0049518
-0.99466
-0.47425
-0.078535
-0.46147
0.1127
-0.66597
37.602
11.866
7.9478
0.69199
-0.29254
0.30284
0.58639
-0.0032901
0.0018904
-0.004708
-0.94321
-0.52487
0.043283
-0.46136
0.11264
-0.66607
37.76
11.974
7.9373
0.72372
-0.23999
0.25113
0.5963
-0.0037734
0.0014252
-0.0044456
-0.69271
-0.699
0.17262
-0.46124
0.11257
-0.66614
37.882
12.091
7.9571
0.73664
-0.19353
0.2077
0.61381
-0.0038805
0.0010258
-0.0041521
-0.59485
-0.88125
-0.097148
-0.4611
0.11251
-0.66622
37.971
12.242
7.9656
0.74099
-0.15021
0.16422
0.63356
-0.004093
0.0006154
-0.0038616
-0.52886
-1.0733
-0.1491
-0.46095
0.11246
-0.66628
38.044
12.424
7.9368
0.73517
-0.12956
0.13367
0.65182
-0.0043879
0.00030911
-0.0036632
-0.42137
-1.1403
0.13655
-0.46081
0.11241
-0.66633
38.097
12.612
7.9361
0.73998
-0.10147
0.11292
0.65527
-0.0042556
0.00023752
-0.0034949
-0.41785
-1.0997
0.072246
-0.46065
0.11237
-0.66638
38.14
12.808
7.9619
0.75386
-0.075894
0.094418
0.64577
-0.004141
0.00026126
-0.0034094
-0.45986
-1.1598
-0.14725
-0.46051
0.11234
-0.66642
38.186
12.998
7.9535
0.74382
-0.050747
0.07112
0.66264
-0.003662
0.00034932
-0.0034055
-0.47948
-1.0536
0.026634
-0.46036
0.11232
-0.66647
38.241
13.197
7.9384
0.75723
-0.032266
0.043234
0.65091
-0.0033933
0.00049028
-0.0033529
-0.33679
-1.0735
0.13252
-0.46022
0.11231
-0.66652
38.288
13.39
7.9537
0.76589
-0.019754
0.03477
0.64172
-0.0032805
0.00058433
-0.0033529
-0.26137
-1.1635
-0.055597
-0.4601
0.11229
-0.66658
38.31
13.574
7.9641
0.76567
-0.012555
0.026529
0.64256
-0.002915
0.00058608
-0.0035033
-0.23709
-1.2677
-0.15061
-0.45997
0.11228
-0.66666
38.324
13.783
7.9395
0.75832
-0.023499
0.019995
0.65116
-0.0025449
0.00068825
-0.0037376
-0.26263
-1.2826
0.06258
-0.45985
0.11227
-0.66675
38.334
14.006
7.934
0.76476
-0.043658
0.036091
0.64182
-0.0022746
0.0009276
-0.0039518
-0.36632
-1.2297
0.046342
-0.45975
0.11227
-0.66685
38.359
14.208
7.9476
0.76539
-0.061951
0.060508
0.63771
-0.002048
0.00093922
-0.0041664
-0.40334
-1.2728
-0.14294
-0.45964
0.11227
-0.66698
38.396
14.423
7.936
0.74926
-0.051677
0.053781
0.65806
-0.0018668
0.0010231
-0.0043434
-0.3751
-1.2524
0.022884
-0.45955
0.11228
-0.66712
38.43
14.635
7.9221
0.76822
-0.041068
0.050599
0.63686
-0.0017592
0.0012155
-0.0044414
-0.23342
-1.206
0.13842
-0.45946
0.11231
-0.66729
38.455
14.852
7.9415
0.78204
-0.01898
0.035011
0.62196
-0.0017248
0.0013519
-0.0044231
-0.11876
-1.2497
-0.094513
-0.45939
0.11235
-0.66749
38.453
15.066
7.9477
0.77069
-0.00038839
0.017432
0.63697
-0.0016474
0.0014665
-0.0043907
-0.068455
-1.3348
-0.11034
-0.45934
0.1124
-0.6677
38.438
15.276
7.924
0.76291
0.0052938
0.0051276
0.64647
-0.0015504
0.0015072
-0.0044051
-0.04844
-1.2258
0.16359
-0.45929
0.11246
-0.66794
38.417
15.495
7.9315
0.76687
0.0090009
0.010507
0.64165
-0.0015168
0.0015852
-0.0044663
-0.089132
-1.17
0.026574
-0.45927
0.11253
-0.6682
38.404
15.7
7.9487
0.76702
0.014491
0.018976
0.64118
-0.001392
0.0017781
-0.0046783
-0.063751
-1.2343
-0.13636
-0.45926
0.1126
-0.66844
38.39
15.889
7.9381
0.75685
0.038255
-0.0099711
0.6524
-0.0012111
0.0019043
-0.005056
-0.03569
-1.214
0.049611
-0.45927
0.11268
-0.6687
38.37
16.099
7.9262
0.76497
0.065594
-0.032076
0.63992
-0.00099947
0.0019229
-0.0054202
0.12584
-1.1433
0.11837
-0.45929
0.11276
-0.66894
38.337
16.288
7.944
0.77405
0.097563
-0.052428
0.62336
-0.00080289
0.0018237
-0.0056965
0.29358
-1.1721
-0.1176
-0.45935
0.11286
-0.66918
38.272
16.483
7.9451
0.76041
0.14317
-0.085255
0.6277
-0.00080461
0.0017752
-0.0057408
0.51255
-1.1493
-0.10838
-0.45943
0.11296
-0.66941
38.174
16.674
7.9201
0.73891
0.17774
-0.12285
0.63822
-0.0010667
0.0018594
-0.0056635
0.60057
-1.0002
0.08726
-0.45953
0.11305
-0.66961
38.059
16.834
7.9212
0.73064
0.23032
-0.15051
0.62487
-0.00099337
0.0020005
-0.0056241
0.6143
-0.89181
0.0081936
-0.45968
0.11316
-0.66981
37.934
16.985
7.9311
0.71784
0.28745
-0.18551
0.60636
-0.0011149
0.0019554
-0.0054094
0.70614
-0.75291
-0.083474
-0.45987
0.11327
-0.67
37.798
17.11
7.9219
0.68868
0.34396
-0.24222
0.59054
-0.0016104
0.0017605
-0.0050547
0.71333
-0.65103
0.044852
-0.46007
0.11338
-0.67017
37.67
17.209
7.9164
0.68133
0.40806
-0.28306
0.53773
-0.0014942
0.0016128
-0.0047665
0.88165
-0.37933
0.0074147
-0.4603
0.11349
-0.67035
37.524
17.278
7.9248
0.64651
0.46979
-0.33005
0.50238
-0.001351
0.001505
-0.0045744
1.0367
-0.26639
-0.19173
-0.46055
0.1136
-0.67051
37.357
17.308
7.9096
0.61285
0.49952
-0.37669
0.4827
-0.00079099
0.0014175
-0.0044317
1.1712
-0.14854
-0.066904
-0.46084
0.11372
-0.67068
37.164
17.316
7.8827
0.60695
0.51543
-0.40183
0.4522
-0.00031814
0.0014024
-0.0043316
1.1069
-0.26116
0.073281
-0.46115
0.11385
-0.67083
36.963
17.325
7.8833
0.61196
0.52551
-0.38959
0.44449
0.00019033
0.001416
-0.0043022
1.1608
-0.34974
0.0024191
-0.46147
0.11397
-0.67096
36.775
17.351
7.8932
0.60103
0.52761
-0.39629
0.45095
0.00077637
0.0014457
-0.0043045
1.2422
-0.41741
-0.096027
-0.46182
0.11412
-0.67108
36.562
17.386
7.8775
0.59253
0.52723
-0.40114
0.45828
0.0013517
0.0016194
-0.0043648
1.1846
-0.41777
0.12568
-0.4622
0.11429
-0.67118
36.354
17.43
7.8861
0.60834
0.53636
-0.39668
0.42999
0.0017599
0.0018445
-0.0044292
1.1946
-0.30422
0.010832
-0.46258
0.11446
-0.67125
36.157
17.464
7.9012
0.60581
0.54256
-0.40265
0.4201
0.0020111
0.0018614
-0.0043954
1.333
-0.28084
-0.17794
-0.463
0.11466
-0.6713
35.938
17.481
7.8835
0.59806
0.50848
-0.43202
0.44399
0.0018922
0.001863
-0.0043469
1.3167
-0.41392
0.070147
-0.4634
0.11486
-0.67131
35.721
17.506
7.8708
0.63903
0.46415
-0.38238
0.47957
0.0016821
0.0019598
-0.0043509
1.2417
-0.53689
0.099835
-0.46385
0.11507
-0.67129
35.503
17.556
7.8947
0.65236
0.44773
-0.35859
0.49536
0.0014854
0.0020401
-0.0043344
1.3034
-0.57961
-0.090735
-0.46431
0.11528
-0.67125
35.279
17.622
7.8971
0.63239
0.4574
-0.35114
0.51727
0.0012966
0.0021071
-0.0042844
1.3181
-0.57418
-0.1069
-0.46475
0.11548
-0.67118
35.061
17.683
7.8781
0.61462
0.49151
-0.39277
0.47579
0.0010205
0.0021602
-0.0041964
1.2222
-0.40819
0.1628
-0.46521
0.1157
-0.67109
34.826
17.741
7.882
0.59985
0.50489
-0.40344
0.47169
0.00061459
0.0020664
-0.0040462
1.2379
-0.26738
-0.019727
-0.46567
0.11592
-0.671
34.613
17.767
7.898
0.56964
0.51661
-0.43548
0.46795
0.00028708
0.0018887
-0.003921
1.3208
-0.27158
-0.13194
-0.46607
0.11613
-0.6709
34.4
17.78
7.8798
0.5735
0.51207
-0.44782
0.45644
-6.7359e-05
0.001693
-0.0038171
1.2183
-0.31765
0.00072498
-0.46648
0.11636
-0.67081
34.179
17.803
7.8685
0.60096
0.51536
-0.41595
0.44748
-0.0003515
0.0014441
-0.0037049
1.251
-0.32008
-0.041582
-0.46682
0.11658
-0.67073
33.982
17.829
7.8685
0.59279
0.50878
-0.43088
0.45176
-0.00061176
0.0012286
-0.0035331
1.3432
-0.24512
-0.16308
-0.46715
0.11683
-0.67066
33.76
17.846
7.8493
0.57123
0.51887
-0.45413
0.44523
-0.00099199
0.0011752
-0.0032804
1.4134
-0.24432
-0.0063002
-0.46743
0.11708
-0.67062
33.521
17.857
7.8288
0.55687
0.54931
-0.45231
0.42844
-0.0013061
0.0011637
-0.0030197
1.2759
-0.06123
0.16727
-0.46766
0.11731
-0.67059
33.302
17.851
7.8501
0.5355
0.56692
-0.4618
0.42259
-0.0014804
0.0010197
-0.0027885
1.3043
0.026381
-0.10622
-0.46785
0.11755
-0.67057
33.086
17.822
7.8596
0.50968
0.57051
-0.4884
0.41977
-0.0014845
0.00076139
-0.0026556
1.3243
0.063421
-0.119
-0.46798
0.11779
-0.67058
32.864
17.784
7.8295
0.52075
0.55347
-0.47827
0.44016
-0.0012429
0.00056474
-0.0026414
1.2781
-0.016747
0.14036
-0.46807
0.11801
-0.67059
32.659
17.752
7.833
0.5414
0.54803
-0.47212
0.42855
-0.00083679
0.00048204
-0.0026988
1.3182
-0.073853
-0.043543
-0.46811
0.11824
-0.67061
32.439
17.733
7.8466
0.54565
0.55168
-0.47869
0.41082
-0.00038591
0.00044006
-0.0027839
1.4644
-0.10364
-0.16618
-0.46812
0.11846
-0.67065
32.214
17.719
7.8217
0.53046
0.55076
-0.47716
0.43312
0.00019151
0.00039206
-0.0028834
1.4579
-0.096703
0.18468
-0.4681
0.11868
-0.6707
31.962
17.701
7.8204
0.52684
0.56209
-0.48634
0.41227
0.00087846
0.00036385
-0.0029754
1.5693
-0.11207
0.11024
-0.46805
0.11891
-0.67076
31.704
17.681
7.8518
0.52538
0.53213
-0.50232
0.43415
0.0014188
0.00041698
-0.0030309
1.6072
-0.12184
-0.061995
-0.46797
0.11912
-0.67082
31.453
17.666
7.8506
0.53547
0.50081
-0.50499
0.45546
0.0018494
0.00056246
-0.0030308
1.5538
-0.092605
0.14631
-0.46788
0.11935
-0.67088
31.186
17.648
7.8536
0.55255
0.49702
-0.50122
0.44322
0.0021261
0.00072735
-0.0029597
1.5039
-0.1224
0.035962
-0.46777
0.11957
-0.67095
30.928
17.632
7.8765
0.54561
0.49636
-0.49486
0.4594
0.0022299
0.00087165
-0.0028176
1.4896
-0.16071
-0.15091
-0.46765
0.11977
-0.67101
30.69
17.621
7.8649
0.52557
0.50888
-0.49623
0.46753
0.0022265
0.00101
-0.0026084
1.487
-0.16627
0.044922
-0.46752
0.11999
-0.67107
30.433
17.614
7.8537
0.51744
0.53306
-0.48193
0.4646
0.002215
0.0010731
-0.0024025
1.3602
-0.053752
0.18956
-0.46738
0.12019
-0.67113
30.206
17.598
7.8794
0.51475
0.54236
-0.48846
0.44976
0.0022287
0.0010381
-0.002193
1.3708
0.016099
-0.013335
-0.46721
0.1204
-0.6712
29.974
17.571
7.8958
0.5056
0.53191
-0.49448
0.46577
0.0022529
0.00093052
-0.0019934
1.3418
0.050398
0.024473
-0.46704
0.12062
-0.67127
29.747
17.533
7.8917
0.52497
0.52409
-0.48252
0.46574
0.0022766
0.00078802
-0.0018216
1.2627
-0.0047095
0.12635
-0.46687
0.12082
-0.67133
29.541
17.502
7.907
0.55292
0.52471
-0.47948
0.4348
0.0022924
0.00061208
-0.0016706
1.3145
-0.020716
-0.19585
-0.46668
0.12104
-0.6714
29.322
17.476
7.9027
0.54879
0.50711
-0.48928
0.44975
0.0022867
0.00038864
-0.0015532
1.3992
-0.13603
-0.15303
-0.46648
0.12127
-0.67147
29.093
17.459
7.866
0.54253
0.51407
-0.47862
0.46078
0.0022777
0.00016079
-0.0014762
1.3831
-0.18812
0.1435
-0.46629
0.12148
-0.67153
28.866
17.454
7.8672
0.54525
0.52562
-0.46881
0.45459
0.0022991
-4.4731e-05
-0.001444
1.3029
-0.11488
0.036807
-0.46608
0.12171
-0.67161
28.636
17.449
7.8892
0.54327
0.51896
-0.47562
0.45753
0.0023292
-0.00022023
-0.0014674
1.3056
-0.089098
-0.12679
-0.46588
0.12194
-0.67167
28.416
17.436
7.8776
0.54516
0.50333
-0.47401
0.4741
0.002363
-0.00034185
-0.001547
1.3046
-0.067949
0.067394
-0.46569
0.12216
-0.67174
28.21
17.418
7.8703
0.57141
0.50052
-0.46025
0.4595
0.0024122
-0.00038779
-0.0016878
1.2978
-0.14853
0.052939
-0.46549
0.1224
-0.67181
27.989
17.407
7.8869
0.5831
0.49665
-0.44565
0.46339
0.0024557
-0.0003633
-0.0018653
1.3687
-0.20855
-0.16997
-0.46532
0.12262
-0.67187
27.775
17.407
7.8756
0.56976
0.48642
-0.45071
0.48542
0.0024998
-0.00028854
-0.0021156
1.4436
-0.24217
0.012494
-0.46514
0.12285
-0.67194
27.534
17.412
7.8574
0.56333
0.50608
-0.45998
0.46363
0.0025453
-0.00018674
-0.0024359
1.454
-0.15898
0.12532
-0.46498
0.12308
-0.672
27.281
17.414
7.8773
0.56023
0.52533
-0.45886
0.44679
0.0026101
-8.5692e-05
-0.0028113
1.4811
-0.070361
-0.097423
-0.46485
0.12329
-0.67206
27.043
17.4
7.8816
0.54506
0.52499
-0.47635
0.44765
0.0027338
3.3152e-05
-0.003285
1.5267
-0.021099
-0.15319
-0.46472
0.12351
-0.67212
26.789
17.372
7.8545
0.55145
0.52177
-0.46058
0.45992
0.0028938
0.00018665
-0.0037775
1.4691
-0.075837
0.10248
-0.46461
0.12373
-0.67218
26.539
17.342
7.8538
0.57205
0.51884
-0.44311
0.45521
0.0030347
0.000333
-0.0042116
1.4478
-0.11715
-0.014291
-0.46452
0.12392
-0.67223
26.303
17.328
7.8653
0.5634
0.51785
-0.43834
0.47145
0.0031541
0.000455
-0.0046432
1.5024
-0.17636
-0.11214
-0.46444
0.12412
-0.67229
26.054
17.318
7.8487
0.5535
0.51756
-0.44492
0.47729
0.0032376
0.0005421
-0.0050105
1.4509
-0.083554
0.11026
-0.46438
0.12431
-0.67234
25.816
17.308
7.8487
0.5542
0.53465
-0.43383
0.46777
0.0032899
0.00062123
-0.0053554
1.3891
0.028261
0.071433
-0.46433
0.12451
-0.67239
25.575
17.279
7.8693
0.55814
0.52904
-0.45026
0.45373
0.0033174
0.00067411
-0.0056689
1.3589
0.078197
-0.065066
-0.46429
0.12471
-0.67244
25.345
17.239
7.8643
0.54784
0.51953
-0.46988
0.45735
0.0033299
0.00068467
-0.005949
1.3416
0.11235
0.079858
-0.46427
0.1249
-0.67249
25.137
17.194
7.8631
0.57438
0.5212
-0.44657
0.44611
0.0033356
0.00066053
-0.0062425
1.3167
0.025064
0.063161
-0.46425
0.1251
-0.67255
24.915
17.152
7.8794
0.58115
0.5202
-0.43493
0.44999
0.0033277
0.00059532
-0.0065322
1.3637
-0.009491
-0.11162
-0.46423
0.12529
-0.67261
24.692
17.122
7.875
0.5759
0.50592
-0.44101
0.4668
0.0033175
0.00052829
-0.0067905
1.4575
-0.023482
0.0014129
-0.46423
0.12548
-0.67266
24.468
17.095
7.8623
0.56055
0.51001
-0.44889
0.47346
0.0033283
0.00047991
-0.0070455
1.4317
-0.045492
0.16253
-0.46423
0.12568
-0.67272
24.221
17.066
7.8815
0.5587
0.52355
-0.45866
0.45099
0.0033697
0.00045348
-0.0072772
1.4293
-0.005463
-0.01358
-0.46424
0.12587
-0.67278
23.978
17.038
7.8987
0.55659
0.51245
-0.47261
0.45194
0.0034817
0.00046095
-0.00748
1.3599
-0.023624
-0.10787
-0.46425
0.12606
-0.67284
23.755
17.011
7.8849
0.58539
0.50097
-0.44637
0.45509
0.0037337
0.00051208
-0.0076825
1.3009
-0.06029
0.0057654
-0.46426
0.12625
-0.67291
23.531
16.986
7.8738
0.60367
0.50495
-0.4249
0.44729
0.0040612
0.0005954
-0.0078541
1.3116
-0.086388
-0.067617
-0.46429
0.12645
-0.67298
23.309
16.969
7.8718
0.59394
0.5016
-0.43518
0.45415
0.0043691
0.00068894
-0.0079716
1.4268
-0.11952
-0.12241
-0.46431
0.12665
-0.67304
23.091
16.957
7.8535
0.57087
0.50632
-0.44316
0.47048
0.0046727
0.00079065
-0.0080478
1.3891
-0.086281
0.11694
-0.46434
0.12685
-0.67311
22.85
16.941
7.8531
0.54864
0.53589
-0.45175
0.45579
0.0049428
0.00085898
-0.0080878
1.3937
-0.0036263
0.094972
-0.46437
0.12705
-0.67318
22.628
16.917
7.8743
0.54986
0.54127
-0.45687
0.44266
0.0052172
0.00090546
-0.0080999
1.4448
0.017038
-0.11612
-0.46441
0.12726
-0.67325
22.388
16.884
7.8699
0.548
0.5269
-0.45637
0.46239
0.0054772
0.00093169
-0.0080785
1.4438
0.054122
0.043323
-0.46444
0.12748
-0.67332
22.147
16.845
7.8602
0.56719
0.51968
-0.43822
0.46497
0.0056889
0.00090269
-0.0080349
1.3802
0.031571
0.10158
-0.46448
0.12768
-0.67339
21.925
16.808
7.8773
0.58003
0.51922
-0.42067
0.46585
0.0058566
0.00080563
-0.0079601
1.386
-0.021538
-0.15157
-0.46452
0.12791
-0.67347
21.692
16.777
7.8721
0.57839
0.50654
-0.42567
0.47716
0.0059785
0.00065305
-0.0078594
1.4323
-0.037903
-0.040619
-0.46456
0.12813
-0.67355
21.454
16.752
7.8506
0.57627
0.51008
-0.42819
0.47369
0.0060446
0.00051596
-0.0077284
1.4555
0.055049
0.10966
-0.4646
0.12835
-0.67363
21.221
16.721
7.8586
0.56398
0.53483
-0.43288
0.45661
0.0060427
0.00042941
-0.0075433
1.4522
0.14046
-0.012654
-0.46464
0.12859
-0.67371
20.978
16.668
7.8718
0.55307
0.52833
-0.44736
0.46352
0.0059956
0.00039399
-0.0073524
1.4182
0.18218
-0.071127
-0.46468
0.12881
-0.67379
20.753
16.611
7.8598
0.56533
0.51759
-0.4414
0.46655
0.0059107
0.00037302
-0.007151
1.3437
0.17727
0.10536
-0.46473
0.12905
-0.67387
20.524
16.547
7.8629
0.57197
0.52459
-0.43254
0.45887
0.0057869
0.00034724
-0.0069516
1.2956
0.087664
-0.0043768
-0.46477
0.12929
-0.67396
20.305
16.494
7.8772
0.5694
0.52318
-0.43639
0.46004
0.0056262
0.00032873
-0.0067506
1.3704
0.0097116
-0.15839
-0.46482
0.12952
-0.67405
20.096
16.456
7.8585
0.5649
0.51315
-0.45528
0.45857
0.0054141
0.00031291
-0.006516
1.4393
-0.050114
0.06081
-0.46487
0.12977
-0.67414
19.86
16.429
7.8479
0.57407
0.51367
-0.44272
0.45889
0.0051966
0.00029587
-0.0062623
1.399
0.01192
0.11345
-0.46492
0.13003
-0.67424
19.622
16.401
7.8685
0.57232
0.51403
-0.44665
0.45687
0.0050282
0.00025522
-0.0060293
1.4459
0.057297
-0.10188
-0.46498
0.13027
-0.67433
19.396
16.365
7.8699
0.56597
0.50011
-0.45857
0.46827
0.004906
0.0001529
-0.0058041
1.4054
0.10152
-0.022515
-0.46503
0.13053
-0.67443
19.16
16.318
7.8536
0.58276
0.499
-0.44432
0.46256
0.004864
3.0564e-06
-0.0056163
1.3208
0.022067
0.12007
-0.46509
0.13077
-0.67452
18.944
16.28
7.8656
0.58686
0.50466
-0.44322
0.45217
0.0048703
-0.00016183
-0.0054154
1.3344
-0.087258
-0.094499
-0.46515
0.13104
-0.67463
18.72
16.258
7.8696
0.5793
0.49052
-0.45175
0.46874
0.0048637
-0.00030979
-0.0051939
1.3859
-0.16187
-0.047545
-0.46521
0.13131
-0.67473
18.488
16.248
7.8514
0.57803
0.49015
-0.45103
0.47138
0.0048062
-0.00044915
-0.0049632
1.3668
-0.1684
0.14856
-0.46527
0.13157
-0.67483
18.264
16.245
7.862
0.57336
0.50908
-0.44471
0.46295
0.0046572
-0.0006063
-0.0046878
1.3562
-0.083716
0.037119
-0.46534
0.13185
-0.67493
18.031
16.233
7.8835
0.56027
0.50676
-0.45426
0.47216
0.004434
-0.00078303
-0.0043904
1.3702
-0.12599
-0.084771
-0.46541
0.13213
-0.67503
17.8
16.217
7.8742
0.57813
0.47504
-0.4461
0.49102
0.0041504
-0.00092398
-0.0040897
1.3164
-0.20071
0.12966
-0.46548
0.1324
-0.67512
17.584
16.218
7.8792
0.59039
0.47608
-0.43386
0.48637
0.0037632
-0.0010022
-0.0037353
1.2008
-0.21663
-0.0018378
-0.46556
0.13268
-0.67522
17.37
16.222
7.8969
0.59725
0.47291
-0.40918
0.50222
0.0032003
-0.0010447
-0.0033729
1.238
-0.30614
-0.20593
-0.46565
0.13295
-0.67531
17.172
16.235
7.8781
0.59245
0.45739
-0.40912
0.52194
0.0024419
-0.0010952
-0.002995
1.2752
-0.30742
-0.053241
-0.46574
0.13323
-0.67539
16.954
16.259
7.8522
0.59562
0.47051
-0.40217
0.51198
0.0014594
-0.0011633
-0.0026439
1.1893
-0.28059
0.096515
-0.46585
0.13351
-0.67548
16.739
16.28
7.8607
0.60454
0.46695
-0.40235
0.50458
0.00083829
-0.0012825
-0.0023817
1.1653
-0.33637
-0.040565
-0.46596
0.13376
-0.67555
16.544
16.301
7.8673
0.62381
0.40716
-0.38611
0.54405
0.00044596
-0.0014979
-0.0022214
1.0003
-0.47998
-0.030753
-0.46608
0.13402
-0.67563
16.356
16.348
7.8549
0.66778
0.34513
-0.33793
0.56636
0.00016608
-0.0017155
-0.0021232
0.81785
-0.52887
0.10992
-0.4662
0.13427
-0.67569
16.204
16.406
7.8619
0.70036
0.30094
-0.29934
0.57387
-5.0499e-05
-0.0019216
-0.0020275
0.71584
-0.70812
-0.060107
-0.46633
0.13453
-0.67575
16.063
16.49
7.8689
0.71986
0.24948
-0.25352
0.59607
-2.6151e-05
-0.00213
-0.0019828
0.65231
-0.90434
-0.20109
-0.46648
0.13479
-0.67581
15.934
16.607
7.8423
0.72676
0.20904
-0.22788
0.61334
-4.9231e-05
-0.0022952
-0.0019523
0.62299
-1.0119
0.0050565
-0.46662
0.13504
-0.67587
15.816
16.742
7.8252
0.74384
0.17081
-0.17921
0.62082
-0.00030069
-0.0024033
-0.0019174
0.51993
-0.997
0.099311
-0.46677
0.13529
-0.67592
15.701
16.897
7.8416
0.7511
0.14365
-0.15433
0.62562
-0.0006676
-0.0024394
-0.0018966
0.51975
-1.0367
-0.070768
-0.46692
0.13553
-0.67596
15.598
17.044
7.8449
0.74453
0.11891
-0.11718
0.64638
-0.0010725
-0.0024016
-0.0018794
0.51746
-1.0503
-0.051641
-0.46708
0.13577
-0.67601
15.487
17.206
7.8304
0.75277
0.091752
-0.082215
0.64666
-0.0014392
-0.0023044
-0.0018587
0.40566
-1.0504
0.072623
-0.46724
0.13599
-0.67606
15.39
17.361
7.8351
0.76907
0.076084
-0.077871
0.62982
-0.0017821
-0.0021618
-0.0018302
0.30228
-1.1492
-0.087218
-0.46742
0.13621
-0.67611
15.307
17.539
7.8367
0.76378
0.064901
-0.062649
0.63915
-0.0020498
-0.002011
-0.0018094
0.21101
-1.307
-0.13243
-0.4676
0.13643
-0.67617
15.236
17.738
7.8126
0.76263
0.058027
-0.061495
0.64129
-0.0022541
-0.0018881
-0.0018034
0.16947
-1.3335
0.19401
-0.46777
0.13663
-0.67622
15.177
17.946
7.8148
0.759
0.065833
-0.067722
0.6442
-0.0024403
-0.0018056
-0.0018154
0.17339
-1.3158
0.15071
-0.46796
0.13685
-0.67628
15.118
18.165
7.8508
0.75799
0.059926
-0.071568
0.64555
-0.0026209
-0.0017726
-0.0018403
0.1694
-1.3274
-0.0896
-0.46814
0.13706
-0.67634
15.058
18.382
7.8534
0.75267
0.04105
-0.060147
0.65436
-0.0028192
-0.0017573
-0.0018679
0.119
-1.3078
-0.022002
-0.46831
0.13725
-0.67639
15.006
18.587
7.84
0.76825
0.019496
-0.045625
0.63822
-0.003069
-0.001738
-0.0018978
0.0031225
-1.2533
0.067236
-0.46849
0.13746
-0.67646
14.968
18.801
7.8468
0.7784
0.0069432
-0.035529
0.62673
-0.0033295
-0.0017244
-0.0019232
-0.06442
-1.2834
-0.12003
-0.46865
0.13765
-0.67653
14.947
19.003
7.8425
0.77242
0.0014444
-0.027081
0.63453
-0.0036152
-0.0017184
-0.0019464
-0.1286
-1.3403
-0.059721
-0.46882
0.13784
-0.6766
14.933
19.225
7.8225
0.76853
0.0073282
-0.035079
0.63881
-0.0038851
-0.0017091
-0.0019677
-0.099532
-1.3041
0.15021
-0.46899
0.13803
-0.67668
14.923
19.453
7.8314
0.77114
0.016617
-0.042862
0.635
-0.0041092
-0.0016878
-0.0019863
-0.045966
-1.2656
0.061797
-0.46914
0.13821
-0.67676
14.906
19.658
7.8525
0.76771
0.017402
-0.032854
0.63972
-0.004309
-0.0016393
-0.0020056
-0.024376
-1.2599
-0.085764
-0.4693
0.13839
-0.67685
14.882
19.87
7.8471
0.76057
0.0059924
-0.021029
0.64889
-0.0044655
-0.001543
-0.0020238
-0.032588
-1.2608
0.043763
-0.46945
0.13858
-0.67694
14.857
20.081
7.841
0.76856
-0.011029
-0.015579
0.63949
-0.0045956
-0.0014068
-0.0020291
-0.068879
-1.1912
0.084168
-0.4696
0.13875
-0.67703
14.84
20.277
7.8551
0.77234
-0.012268
-0.010072
0.63501
-0.0047426
-0.001223
-0.0020093
-0.1337
-1.1866
-0.08066
-0.46975
0.13893
-0.67713
14.831
20.478
7.8568
0.7646
-0.0075441
-0.0079222
0.64441
-0.0048751
-0.0010193
-0.0019665
-0.19219
-1.2753
-0.084329
-0.4699
0.1391
-0.67723
14.83
20.677
7.8387
0.76457
-2.9357e-07
-0.013593
0.6444
-0.0049819
-0.00077958
-0.0019006
-0.18424
-1.2632
0.10784
-0.47006
0.13928
-0.67734
14.833
20.895
7.8427
0.77151
0.010596
-0.017232
0.6359
-0.0050327
-0.00052798
-0.0018193
-0.12067
-1.2526
0.047193
-0.47023
0.13945
-0.67744
14.83
21.114
7.8596
0.76541
0.017692
-0.026293
0.64276
-0.0050213
-0.00027636
-0.0017344
-0.093108
-1.2611
-0.09952
-0.47039
0.13962
-0.67755
14.819
21.314
7.8539
0.75264
0.010516
-0.012941
0.65822
-0.0049463
3.9918e-06
-0.0016398
-0.098347
-1.2453
0.057013
-0.47057
0.1398
-0.67766
14.805
21.527
7.847
0.76146
0.0013642
-0.011716
0.6481
-0.0048086
0.00028157
-0.0015491
-0.15969
-1.2074
0.095896
-0.47076
0.13999
-0.67776
14.798
21.736
7.8653
0.76599
-0.0038031
-0.0063028
0.64281
-0.0046148
0.00051897
-0.0014841
-0.20226
-1.2303
-0.13397
-0.47094
0.14017
-0.67786
14.801
21.932
7.8625
0.75625
-0.0079844
-0.00010776
0.65424
-0.0043329
0.00074175
-0.0014498
-0.23925
-1.2749
-0.10704
-0.47114
0.14036
-0.67797
14.81
22.149
7.8377
0.76253
-0.0035785
0.0055087
0.64692
-0.0040338
0.0009467
-0.0014507
-0.21344
-1.2298
0.050992
-0.47134
0.14055
-0.67806
14.818
22.355
7.8363
0.77539
-0.0069063
0.0017916
0.63144
-0.0037337
0.0011739
-0.0014846
-0.18212
-1.232
-0.018122
-0.47155
0.14077
-0.67816
14.824
22.568
7.8406
0.76548
-0.024296
-0.0028915
0.64299
-0.0034873
0.0014093
-0.0015523
-0.15588
-1.211
-0.13826
-0.47177
0.14098
-0.67825
14.826
22.776
7.8237
0.77087
-0.054806
0.013436
0.63448
-0.0033155
0.0016379
-0.001647
-0.20988
-1.2163
0.042594
-0.47199
0.14119
-0.67833
14.828
22.972
7.8135
0.77794
-0.084916
0.025289
0.62206
-0.003209
0.0018873
-0.0017681
-0.2909
-1.1493
0.083355
-0.47224
0.1414
-0.67841
14.842
23.175
7.829
0.77134
-0.099081
0.046302
0.62695
-0.0031873
0.0021486
-0.0018876
-0.3606
-1.1389
-0.080983
-0.47249
0.14161
-0.67849
14.87
23.373
7.8276
0.75496
-0.10166
0.064085
0.64467
-0.003234
0.0024084
-0.0019899
-0.39927
-1.1681
0.011373
-0.47273
0.14179
-0.67856
14.906
23.561
7.8196
0.76142
-0.10876
0.064374
0.63583
-0.0033261
0.0026959
-0.0020925
-0.35806
-1.1517
0.131
-0.473
0.14197
-0.67863
14.946
23.767
7.8346
0.76407
-0.11019
0.063861
0.63244
-0.0034057
0.0029702
-0.0021823
-0.29181
-1.1486
0.084539
-0.47326
0.14212
-0.67869
14.973
23.957
7.8527
0.7471
-0.10439
0.058778
0.65383
-0.0034463
0.0032463
-0.0022725
-0.19316
-1.1555
0.032108
-0.47354
0.14227
-0.67875
14.987
24.153
7.8621
0.73727
-0.10152
0.058229
0.66538
-0.0034182
0.0034459
-0.0023794
-0.093395
-1.1404
0.1101
-0.47383
0.14242
-0.67881
14.985
24.351
7.8723
0.73843
-0.082325
0.045705
0.66772
-0.0033101
0.0035012
-0.0025152
-0.048218
-1.064
0.1311
-0.47409
0.14255
-0.67887
14.971
24.527
7.8946
0.73123
-0.050341
0.024941
0.67981
-0.0031837
0.0033516
-0.0026721
-0.068614
-1.0756
0.12061
-0.47434
0.14269
-0.67893
14.955
24.709
7.9136
0.70152
-0.015349
0.00031724
0.71248
-0.0031196
0.0029123
-0.0028008
0.00012613
-1.0849
0.19476
-0.47455
0.14283
-0.67899
14.939
24.892
7.9378
0.68345
0.041479
-0.05665
0.72662
-0.0030797
0.0024748
-0.0028858
0.19933
-1.0345
0.20624
-0.4747
0.14296
-0.67905
14.902
25.06
7.9727
0.6882
0.096804
-0.11831
0.70923
-0.0030185
0.0021407
-0.0029503
0.41625
-0.91294
-0.0087786
-0.47482
0.1431
-0.67911
14.827
25.224
7.9898
0.69097
0.15131
-0.18096
0.68332
-0.0028588
0.0019075
-0.0029883
0.53935
-0.83744
-0.15543
-0.4749
0.14324
-0.67917
14.73
25.357
7.974
0.68661
0.20126
-0.23385
0.65832
-0.0026547
0.0016964
-0.0029798
0.59242
-0.7884
-0.078154
-0.47496
0.14339
-0.67922
14.611
25.485
7.9504
0.68498
0.24064
-0.25851
0.63724
-0.0025819
0.0015329
-0.00294
0.56531
-0.70583
0.022
-0.47497
0.14355
-0.67927
14.494
25.601
7.9482
0.67884
0.28405
-0.28687
0.61335
-0.0025728
0.0013703
-0.0029743
0.63332
-0.65683
-0.080865
-0.47495
0.14372
-0.67932
14.382
25.698
7.9445
0.66086
0.32529
-0.31956
0.5961
-0.0026606
0.0011643
-0.0031149
0.66378
-0.66916
-0.10797
-0.47488
0.1439
-0.67938
14.253
25.796
7.9266
0.64302
0.36678
-0.36854
0.56229
-0.0030553
0.00096684
-0.0032694
0.73589
-0.59285
0.019014
-0.47476
0.14408
-0.67944
14.118
25.892
7.9175
0.62549
0.41317
-0.40343
0.52469
-0.0034563
0.000733
-0.0034581
0.83491
-0.3688
0.044926
-0.4746
0.14424
-0.6795
13.977
25.954
7.9257
0.60413
0.46051
-0.44187
0.4772
-0.0035838
0.00045553
-0.0036492
0.88302
-0.20459
-0.10667
-0.4744
0.14439
-0.67955
13.82
25.982
7.9203
0.57928
0.48648
-0.46604
0.45888
-0.0036129
0.00024285
-0.0037725
0.93139
-0.13912
-0.11689
-0.47417
0.14451
-0.6796
13.671
25.99
7.8996
0.57282
0.50151
-0.46934
0.4473
-0.0035175
5.6271e-05
-0.0038581
0.92633
-0.12621
0.027983
-0.47391
0.14462
-0.67962
13.508
25.989
7.8916
0.57127
0.5158
-0.46694
0.43539
-0.003462
-9.8012e-05
-0.0038671
0.87336
-0.17854
0.023606
-0.47362
0.14472
-0.67961
13.352
25.994
7.8992
0.57012
0.52319
-0.47668
0.41715
-0.0033546
-0.00021049
-0.0038252
0.91333
-0.18841
-0.10751
-0.47334
0.14479
-0.67957
13.206
26.005
7.8923
0.55906
0.52841
-0.49384
0.40541
-0.0031125
-0.00027895
-0.0037443
0.94329
-0.23659
-0.074733
-0.47303
0.14486
-0.67948
13.041
26.019
7.8724
0.5555
0.54965
-0.49797
0.37594
-0.0028429
-0.00022937
-0.0036253
0.89772
-0.12101
0.065494
-0.47269
0.14493
-0.67935
12.878
26.029
7.871
0.55479
0.57471
-0.49376
0.34368
-0.0026519
-0.00013923
-0.003489
0.80991
0.036154
-0.039369
-0.47235
0.14501
-0.67919
12.738
26.015
7.8749
0.53638
0.6137
-0.47885
0.32614
-0.0025587
-5.1541e-05
-0.0033117
0.79365
0.12697
-0.17179
-0.47197
0.1451
-0.679
12.603
25.978
7.8533
0.5324
0.62228
-0.47273
0.32534
-0.0025263
6.6798e-05
-0.0031707
0.85072
0.15683
-0.10067
-0.4716
0.14518
-0.67881
12.475
25.936
7.8288
0.53776
0.62686
-0.4579
0.3289
-0.0024344
0.00019014
-0.0031191
0.83802
0.10619
0.032812
-0.4712
0.14525
-0.67861
12.334
25.891
7.8252
0.55144
0.62564
-0.44046
0.33239
-0.0021172
0.00035989
-0.0031875
0.80064
0.017393
-0.0054496
-0.47083
0.14532
-0.67842
12.198
25.862
7.829
0.56011
0.62534
-0.4293
0.33306
-0.0017857
0.00053889
-0.0032512
0.79094
-0.017194
-0.081872
-0.47051
0.14538
-0.67824
12.073
25.844
7.8218
0.55717
0.62715
-0.43677
0.32478
-0.0016351
0.00071262
-0.0032489
0.85159
-0.11369
-0.07023
-0.4702
0.14544
-0.67805
11.933
25.835
7.805
0.55471
0.62662
-0.4388
0.32726
-0.001475
0.00086051
-0.0032657
0.85476
-0.12562
0.078498
-0.46994
0.14547
-0.67787
11.785
25.837
7.8054
0.55653
0.63836
-0.42365
0.32139
-0.0013842
0.00099807
-0.0032432
0.73942
-0.079741
0.043555
-0.46971
0.14549
-0.67772
11.655
25.835
7.818
0.5721
0.64698
-0.38287
0.3279
-0.0013672
0.0012437
-0.0031666
0.70144
-0.061277
-0.068423
-0.46952
0.14549
-0.67757
11.533
25.829
7.8144
0.58316
0.6392
-0.37085
0.33737
-0.0014373
0.0015227
-0.0030558
0.77643
-0.018789
-0.06834
-0.46938
0.14547
-0.67744
11.417
25.822
7.8028
0.59784
0.62168
-0.3666
0.34886
-0.0015392
0.0017648
-0.0029711
0.74743
0.011527
0.027953
-0.46928
0.14543
-0.67734
11.29
25.803
7.7986
0.62645
0.60893
-0.34154
0.34658
-0.0014561
0.0019143
-0.0030744
0.58061
-0.084989
0.081022
-0.46922
0.14538
-0.67727
11.173
25.793
7.807
0.66642
0.58983
-0.28877
0.35298
-0.0012483
0.0019655
-0.0032549
0.4114
-0.20498
0.0053475
-0.46918
0.14535
-0.67723
11.093
25.809
7.8146
0.70475
0.58401
-0.22614
0.33336
-0.001137
0.0019987
-0.0033437
0.433
-0.28323
-0.079249
-0.46916
0.14534
-0.67722
11.015
25.842
7.8038
0.71667
0.58416
-0.2141
0.31512
-0.0010713
0.0020456
-0.00337
0.49091
-0.31813
-0.076031
-0.46915
0.14533
-0.67721
10.936
25.881
7.7896
0.71719
0.58214
-0.2664
0.27528
-0.001041
0.0020635
-0.0033777
0.50394
-0.25255
0.00039021
-0.46915
0.14533
-0.67721
10.843
25.923
7.7788
-0.67942
-0.61435
0.35923
0.17864
-0.0010374
0.0020561
-0.0033827
0.35507
-0.031431
-0.14988
-0.46915
0.14533
-0.67721
10.75
25.931
7.7334
-0.70552
-0.58242
0.38352
0.12628
-0.0010374
0.0020561
-0.0033827
0.39937
0.035642
-0.27659
-0.46915
0.14533
-0.67721
10.693
25.923
7.6943
0.72327
0.5614
-0.36621
0.16612
-0.0010374
0.0020561
-0.0033827
0.38357
0.01598
-0.12645
-0.46915
0.14533
-0.67721
10.641
25.916
7.6848
