-0.79351
-0.021905
-0.60749
0.028612
-0.0019927
0.00056423
-0.00308
0.0040491
0.04373
-0.0086699
-0.44194
0.11312
-0.65257
17.415
22.391
3.4756
-0.79292
-0.02149
-0.60816
0.030907
-0.0019861
0.0005508
-0.0030857
-0.0025465
0.028876
0.0025724
-0.44194
0.11312
-0.65257
17.416
22.385
3.4753
-0.79168
-0.020169
-0.60973
0.032618
-0.0019609
0.00050475
-0.0031105
0.0054583
0.013341
0.0024381
-0.44194
0.11312
-0.65257
17.417
22.382
3.4759
-0.79104
-0.018234
-0.61057
0.033595
-0.0019121
0.00041077
-0.0031508
0.014265
0.00023859
0.003022
-0.44194
0.11312
-0.65256
17.415
22.38
3.4762
-0.79113
-0.018424
-0.61031
0.035929
-0.0018614
0.00024727
-0.0032078
0.030801
-0.007463
-0.0030911
-0.44194
0.11312
-0.65255
17.411
22.38
3.4757
-0.79117
-0.017725
-0.61036
0.034605
-0.0018285
4.0415e-05
-0.0032806
0.042059
-0.015367
0.0010104
-0.44194
0.11313
-0.65254
17.405
22.381
3.4757
-0.79159
-0.018568
-0.60967
0.036613
-0.0017895
-0.00013272
-0.0033507
0.064576
-0.03098
-0.0083381
-0.44193
0.11314
-0.65251
17.396
22.384
3.4751
-0.79321
-0.018965
-0.60767
0.034603
-0.0017538
-0.00028514
-0.0034181
0.10324
-0.04906
-0.009992
-0.44193
0.11316
-0.65248
17.382
22.389
3.4737
-0.79489
-0.022549
-0.60519
0.037321
-0.0017374
-0.00046014
-0.0034746
0.17358
-0.064698
-0.018713
-0.44191
0.11319
-0.65243
17.358
22.395
3.4714
-0.79381
-0.031886
-0.60603
0.039826
-0.0017301
-0.00060248
-0.0035211
0.28304
-0.045923
-0.043434
-0.44189
0.11324
-0.65238
17.32
22.4
3.4671
-0.79367
-0.050088
-0.60412
0.051198
-0.0017028
-0.00063917
-0.0035954
0.48484
0.042519
-0.029483
-0.44186
0.1133
-0.65232
17.256
22.392
3.4603
-0.7936
-0.052372
-0.60357
0.056287
-0.0015922
-0.00049499
-0.0037127
0.6673
0.10456
-0.095336
-0.44181
0.11337
-0.65226
17.167
22.367
3.4521
-0.79264
-0.054342
-0.60446
0.058278
-0.001428
-0.00011399
-0.0038898
0.89997
0.20092
-0.07389
-0.44176
0.11346
-0.65221
17.039
22.323
3.435
-0.78931
-0.044827
-0.61011
0.052335
-0.0013407
0.00048156
-0.0041121
1.0351
0.21431
0.071476
-0.44171
0.11353
-0.65216
16.876
22.263
3.4341
-0.79375
-0.034042
-0.60594
0.040565
-0.0013822
0.001034
-0.0043039
0.88182
0.10047
0.13464
-0.44166
0.1136
-0.65212
16.73
22.216
3.4549
-0.79952
-0.03144
-0.59877
0.035326
-0.0014874
0.0015126
-0.0044466
0.9165
0.056847
-0.036483
-0.44161
0.11365
-0.65209
16.581
22.184
3.464
-0.79988
-0.034444
-0.59759
0.043507
-0.0015244
0.0018316
-0.0045423
1.0472
-0.058518
-0.15288
-0.44156
0.1137
-0.65207
16.416
22.158
3.4424
-0.79503
-0.02339
-0.60535
0.030493
-0.0014858
0.002004
-0.0046007
1.1926
-0.20081
0.025056
-0.44151
0.11374
-0.65207
16.236
22.157
3.4291
-0.80266
-0.010152
-0.59616
0.014973
-0.0013446
0.0021452
-0.0046422
1.1451
-0.13304
0.15648
-0.44144
0.11379
-0.65207
16.031
22.16
3.4499
-0.81072
0.00046091
-0.5854
0.0059621
-0.0011871
0.0022716
-0.0046636
1.2161
-0.031858
-0.07896
-0.44136
0.11385
-0.65208
15.843
22.147
3.4591
-0.81101
-0.0016155
-0.58501
0.0055423
-0.0011032
0.0024997
-0.0046653
1.3552
0.086584
-0.20111
-0.44128
0.11391
-0.65209
15.628
22.114
3.4255
0.80293
0.0092148
0.59596
0.0068345
-0.0010004
0.0027222
-0.0046747
1.2632
0.17257
0.14662
-0.4412
0.11399
-0.65212
15.406
22.059
3.4216
-0.80908
-0.030614
-0.5869
0.00083276
-0.00087431
0.0027906
-0.0046935
1.1538
0.24045
0.093211
-0.44112
0.11406
-0.65215
15.22
22.002
3.448
-0.80833
-0.073505
-0.58352
0.026344
-0.00087145
0.002685
-0.004711
1.1893
0.39889
-0.14884
-0.44103
0.11415
-0.65218
15.032
21.921
3.4398
-0.78426
-0.13967
-0.59904
0.081118
-0.001161
0.0023885
-0.0047093
1.0946
0.54894
0.042391
-0.44095
0.11424
-0.65222
14.845
21.816
3.4241
-0.76109
-0.22263
-0.58739
0.16172
-0.0014498
0.0020926
-0.0046779
0.88764
0.78225
0.13709
-0.44087
0.11431
-0.65226
14.699
21.688
3.4411
-0.74199
-0.30049
-0.55589
0.22393
-0.001668
0.0018835
-0.0046454
0.71498
0.96375
-0.11864
-0.44079
0.11439
-0.6523
14.588
21.523
3.4446
-0.70817
-0.37057
-0.53447
0.27481
-0.0017935
0.0017528
-0.0046197
0.58788
1.0427
-0.14178
-0.44073
0.11446
-0.65233
14.508
21.351
3.4179
-0.67972
-0.41942
-0.51399
0.31286
-0.0018353
0.0016498
-0.0045705
0.55461
1.0556
0.085392
-0.4407
0.11453
-0.65237
14.438
21.158
3.4131
-0.67123
-0.44089
-0.49497
0.33178
-0.001832
0.0015861
-0.0044866
0.56791
0.98338
0.00084341
-0.44071
0.11461
-0.65239
14.367
20.976
3.4286
-0.66856
-0.45222
-0.48068
0.34275
-0.001749
0.0015568
-0.0044009
0.63446
1.1023
-0.18278
-0.44076
0.11468
-0.6524
14.295
20.798
3.41
-0.641
-0.46652
-0.47755
0.37871
-0.0015893
0.0014903
-0.004333
0.66189
1.1482
0.036861
-0.44086
0.11475
-0.6524
14.21
20.59
3.3913
-0.62802
-0.4942
-0.45018
0.39837
-0.0014309
0.0013641
-0.0042891
0.44725
1.1769
0.18628
-0.441
0.11483
-0.65238
14.141
20.38
3.416
-0.6341
-0.5048
-0.43651
0.39058
-0.0012531
0.0011899
-0.0042639
0.329
1.2271
-0.077354
-0.44118
0.11491
-0.65235
14.107
20.183
3.4278
-0.60767
-0.5225
-0.42591
0.41992
-0.0010431
0.00093417
-0.0042258
0.24873
1.3199
-0.097237
-0.4414
0.115
-0.65229
14.089
19.961
3.4046
-0.60271
-0.52706
-0.4294
0.41781
-0.00085472
0.0006603
-0.0041363
0.25539
1.2741
0.18842
-0.44164
0.11509
-0.65222
14.079
19.749
3.4134
-0.60839
-0.52419
-0.44296
0.39858
-0.00058166
0.00037017
-0.0039888
0.29086
1.271
-0.0030683
-0.44192
0.1152
-0.65213
14.061
19.528
3.4365
-0.6105
-0.51882
-0.44883
0.39581
-0.00026656
5.8908e-05
-0.0038004
0.32469
1.3799
-0.17939
-0.44222
0.11531
-0.65202
14.04
19.298
3.4125
-0.59441
-0.5207
-0.44916
0.4169
4.0505e-06
-0.00019993
-0.0035965
0.34401
1.3871
0.10953
-0.44251
0.11543
-0.65191
14.015
19.068
3.4032
-0.59292
-0.52576
-0.44802
0.41388
0.00021077
-0.00038404
-0.0033607
0.23434
1.3625
0.12738
-0.44282
0.11557
-0.65179
13.997
18.832
3.4339
-0.60098
-0.52801
-0.43931
0.4087
0.0002517
-0.00051212
-0.003113
0.19475
1.4177
-0.21003
-0.44313
0.11572
-0.65166
13.994
18.594
3.4263
-0.5875
-0.52992
-0.43831
0.42651
0.00017736
-0.00058726
-0.0029322
0.18288
1.4931
-0.047112
-0.4434
0.11586
-0.65154
13.996
18.358
3.3977
-0.60444
-0.52175
-0.44085
0.40998
0.00010406
-0.00061002
-0.0028592
0.28762
1.4153
0.17858
-0.44368
0.11602
-0.65141
13.99
18.106
3.4169
-0.61923
-0.51238
-0.45281
0.38598
-8.0605e-05
-0.0005474
-0.0028671
0.34309
1.4563
-0.16496
-0.44392
0.11617
-0.65129
13.97
17.875
3.4196
-0.61669
-0.511
-0.44682
0.39866
-0.00043196
-0.00035215
-0.0029065
0.38293
1.4901
-0.07339
-0.44417
0.11632
-0.65116
13.943
17.615
3.3918
-0.60626
-0.51622
-0.44601
0.40871
-0.00075376
-0.00011091
-0.0029968
0.29141
1.399
0.23421
-0.4444
0.11647
-0.65105
13.916
17.361
3.4081
-0.6105
-0.52227
-0.44814
0.39204
-0.0010009
6.6648e-05
-0.0031473
0.16898
1.3732
0.06124
-0.44461
0.1166
-0.65095
13.911
17.139
3.4378
-0.59997
-0.52823
-0.44326
0.40562
-0.0012395
0.00015972
-0.0033751
0.1589
1.4457
-0.13612
-0.4448
0.11674
-0.65086
13.916
16.897
3.4225
-0.58767
-0.52848
-0.43862
0.42774
-0.0014705
0.00016874
-0.0036385
0.17226
1.4353
0.12546
-0.44497
0.11688
-0.65078
13.922
16.649
3.4197
-0.60607
-0.52253
-0.44592
0.40099
-0.0016684
0.00012998
-0.0038866
0.22336
1.3438
0.11612
-0.4451
0.117
-0.65072
13.92
16.425
3.447
-0.60914
-0.52189
-0.44393
0.39939
-0.0018376
9.685e-05
-0.0041084
0.27612
1.3874
-0.14909
-0.44521
0.11712
-0.65067
13.91
16.189
3.4408
-0.58593
-0.53109
-0.44313
0.42222
-0.0019061
0.00014886
-0.0042658
0.3092
1.3968
0.040317
-0.44529
0.11723
-0.65064
13.892
15.961
3.4268
-0.58426
-0.53826
-0.43936
0.41938
-0.001926
0.00024167
-0.0043688
0.22465
1.2998
0.18125
-0.44536
0.11734
-0.65062
13.875
15.726
3.4526
-0.58297
-0.55207
-0.42281
0.42023
-0.0020339
0.00033652
-0.0043699
0.092081
1.3352
-0.079223
-0.44541
0.11745
-0.65061
13.88
15.502
3.463
-0.56874
-0.55217
-0.42642
0.43567
-0.0021295
0.00048632
-0.0042937
0.022673
1.37
-0.095196
-0.44544
0.11755
-0.65061
13.901
15.286
3.4418
-0.55805
-0.5523
-0.43356
0.44224
-0.0021119
0.00066531
-0.0041683
0.018973
1.3481
0.16805
-0.44546
0.11765
-0.65062
13.931
15.054
3.4487
-0.56552
-0.55541
-0.43918
0.42288
-0.0020412
0.00080218
-0.0039848
0.034714
1.2821
0.013337
-0.44547
0.11775
-0.65064
13.955
14.834
3.4701
-0.56055
-0.56144
-0.42957
0.43133
-0.0019452
0.00088534
-0.003785
0.065023
1.3261
-0.19256
-0.44547
0.11784
-0.65065
13.977
14.626
3.4513
-0.5465
-0.56665
-0.42182
0.4498
-0.0018676
0.00088055
-0.0035627
0.051831
1.3412
0.064568
-0.44546
0.11794
-0.65068
13.995
14.399
3.4369
-0.54418
-0.57751
-0.41241
0.44752
-0.0018107
0.00075655
-0.0033792
-0.10597
1.2291
0.15889
-0.44544
0.11803
-0.65071
14.027
14.197
3.4616
-0.5319
-0.59942
-0.39353
0.45047
-0.0017682
0.00061096
-0.0032323
-0.2042
1.2392
-0.12269
-0.4454
0.11813
-0.65075
14.083
13.995
3.4668
-0.52775
-0.59918
-0.39114
0.45769
-0.0018878
0.00051086
-0.0031253
-0.23233
1.2916
-0.076059
-0.44536
0.11823
-0.6508
14.151
13.788
3.4422
-0.53083
-0.59664
-0.38292
0.46434
-0.0021525
0.00039782
-0.0030594
-0.15409
1.298
0.14725
-0.44531
0.11831
-0.65085
14.211
13.585
3.45
-0.55288
-0.58231
-0.39605
0.4454
-0.002409
0.00024877
-0.0030326
-0.067478
1.2633
-0.027502
-0.44526
0.1184
-0.65092
14.257
13.375
3.4668
-0.56164
-0.56106
-0.4109
0.44825
-0.002542
0.00010675
-0.0030733
-0.035049
1.3325
-0.22583
-0.4452
0.11847
-0.65099
14.296
13.157
3.4359
-0.54646
-0.5674
-0.39735
0.47069
-0.0025545
4.122e-05
-0.0031633
-0.00258
1.3574
0.1176
-0.44515
0.11854
-0.65106
14.325
12.944
3.4254
-0.54109
-0.57968
-0.40177
0.458
-0.0024331
9.3494e-05
-0.0032623
-0.12392
1.2133
0.16232
-0.4451
0.11863
-0.65114
14.364
12.732
3.4589
-0.53338
-0.58909
-0.39112
0.46423
-0.0021998
0.00018064
-0.0033147
-0.15514
1.2271
-0.080116
-0.44506
0.11871
-0.65123
14.413
12.542
3.4649
-0.52018
-0.58406
-0.39969
0.47805
-0.0018666
0.00025627
-0.0033091
-0.17572
1.2622
-0.016052
-0.44501
0.11882
-0.65133
14.47
12.335
3.4493
-0.52698
-0.57978
-0.40283
0.47315
-0.0015059
0.00028247
-0.003244
-0.046988
1.2108
0.1474
-0.44498
0.11894
-0.65143
14.52
12.127
3.4643
-0.5462
-0.57937
-0.41147
0.4435
-0.001232
0.00029168
-0.003114
0.017124
1.2097
-0.087107
-0.44494
0.11907
-0.65155
14.547
11.938
3.4732
-0.54452
-0.57857
-0.41072
0.44729
-0.0012399
0.00034639
-0.0029079
0.0776
1.3131
-0.13977
-0.4449
0.11922
-0.65167
14.569
11.725
3.4455
-0.54218
-0.57197
-0.40767
0.46119
-0.0012716
0.00045602
-0.0027053
0.092952
1.2664
0.13306
-0.44486
0.11937
-0.6518
14.582
11.503
3.4465
-0.53443
-0.5847
-0.39627
0.4642
-0.0012267
0.00051979
-0.0025287
0.0040853
1.1854
0.11137
-0.44481
0.11953
-0.65194
14.6
11.309
3.4705
-0.53639
-0.58459
-0.39763
0.4609
-0.001099
0.0004927
-0.0023463
0.0089751
1.1837
-0.11698
-0.44476
0.1197
-0.65208
14.626
11.111
3.4698
-0.53821
-0.56852
-0.41588
0.46277
-0.0010192
0.00050642
-0.0021843
0.022436
1.214
0.011636
-0.4447
0.11988
-0.65223
14.649
10.918
3.4549
-0.55261
-0.55145
-0.43274
0.45084
-0.00096819
0.0005273
-0.0020441
0.1294
1.1389
0.1702
-0.44462
0.12007
-0.6524
14.665
10.717
3.4741
-0.56408
-0.5522
-0.41619
0.45129
-0.00083984
0.00049071
-0.0019676
0.2102
1.155
-0.063709
-0.44453
0.12026
-0.65257
14.662
10.522
3.4859
-0.56234
-0.54625
-0.42988
0.44787
-0.00067979
0.00047685
-0.0019358
0.32304
1.1994
-0.094324
-0.44444
0.12046
-0.65274
14.647
10.332
3.4659
-0.56799
-0.5329
-0.43542
0.45145
-0.00046664
0.00049023
-0.0019485
0.39753
1.2366
0.1347
-0.44433
0.12066
-0.65292
14.611
10.116
3.4696
-0.57665
-0.52869
-0.44183
0.43904
-0.00022509
0.00052319
-0.0020144
0.33101
1.1603
0.12898
-0.4442
0.12087
-0.6531
14.577
9.9066
3.4966
-0.58568
-0.51643
-0.45184
0.43143
-7.2658e-05
0.00056288
-0.0020623
0.32055
1.1323
-0.057896
-0.44408
0.12107
-0.65327
14.55
9.7189
3.5026
-0.58993
-0.49249
-0.47902
0.42424
8.1077e-05
0.00053151
-0.0021071
0.32161
1.1312
-0.020832
-0.44394
0.12127
-0.65343
14.523
9.5198
3.4903
-0.61794
-0.46169
-0.49531
0.39958
0.0002683
0.00045108
-0.0021392
0.4139
1.0254
0.09818
-0.44381
0.12145
-0.65358
14.49
9.3386
3.499
-0.64652
-0.44448
-0.49366
0.37516
0.00019279
0.00038978
-0.0021626
0.54353
0.96131
-0.057445
-0.44368
0.12164
-0.65373
14.432
9.1616
3.5051
-0.65654
-0.41855
-0.51389
0.36013
0.00025936
0.00032558
-0.0022485
0.70929
0.95895
-0.14638
-0.44355
0.1218
-0.65387
14.349
8.987
3.4826
-0.66813
-0.39176
-0.52666
0.35036
0.0003105
0.00023205
-0.0023758
0.81167
0.93454
0.095091
-0.44345
0.12194
-0.65399
14.248
8.8198
3.4766
-0.68832
-0.36257
-0.53453
0.3302
0.00037964
0.00014746
-0.0025456
0.78598
0.8557
0.047389
-0.44335
0.12208
-0.6541
14.133
8.6529
3.4971
-0.71752
-0.32472
-0.54581
0.28605
0.00065644
6.7238e-05
-0.0027804
0.88111
0.74737
-0.17399
-0.44326
0.12219
-0.65419
14.013
8.4971
3.4844
-0.73381
-0.26647
-0.57548
0.24358
0.0017472
2.595e-05
-0.0030203
0.91343
0.68115
-0.052976
-0.44319
0.12229
-0.65426
13.885
8.3644
3.4594
-0.76062
-0.19123
-0.5893
0.19394
0.0015849
1.9695e-05
-0.0032332
0.93192
0.52441
0.11308
-0.44313
0.12236
-0.65432
13.744
8.2412
3.4697
-0.78536
-0.13184
-0.58837
0.14022
0.0011966
1.5546e-05
-0.0033734
1.0603
0.43538
-0.081048
-0.44308
0.1224
-0.65437
13.596
8.1446
3.4762
-0.78651
-0.083889
-0.60542
0.088566
0.00051271
2.0199e-05
-0.0034522
1.1972
0.4224
-0.10825
-0.44304
0.1224
-0.65441
13.415
8.0459
3.4526
-0.78413
-0.063663
-0.61537
0.049026
6.5923e-05
-7.4748e-06
-0.0034962
1.2171
0.41168
0.15236
-0.443
0.12237
-0.65446
13.217
7.9486
3.4583
-0.79106
-0.051957
-0.60689
0.056701
-0.00026368
-0.00011173
-0.003481
1.1418
0.41315
0.092113
-0.44297
0.12232
-0.65452
13.04
7.8577
3.4827
-0.78438
-0.029984
-0.61776
0.047087
-0.00054457
-0.00028132
-0.0034672
1.1356
0.39321
-0.091105
-0.44295
0.12225
-0.6546
12.857
7.7608
3.4799
-0.77527
-0.0061496
-0.6308
0.031775
-0.00058983
-0.00044481
-0.0035266
1.1527
0.37207
0.0059283
-0.44293
0.12216
-0.65469
12.672
7.672
3.4694
-0.78972
0.011971
-0.61317
0.015034
-0.00053782
-0.00063146
-0.0035865
1.1633
0.33685
0.052884
-0.44292
0.12207
-0.65479
12.498
7.5913
3.4774
-0.79804
0.010649
-0.60248
0.0063594
-0.00065736
-0.00087491
-0.0035903
1.2106
0.26872
-0.19625
-0.44291
0.12198
-0.65492
12.306
7.5133
3.4653
-0.78916
0.0070253
-0.61415
0.0027828
-0.00088578
-0.0010799
-0.0035703
1.3401
0.17014
-0.078972
-0.44291
0.1219
-0.65504
12.107
7.4502
3.438
-0.79263
0.011406
-0.60933
0.018188
-0.001156
-0.0013522
-0.0035171
1.3503
0.19808
0.14367
-0.44293
0.12181
-0.65518
11.881
7.3931
3.4486
-0.7915
0.0061247
-0.61063
0.025049
-0.001469
-0.0017206
-0.0033653
1.3476
0.24739
0.010151
-0.44295
0.12173
-0.65533
11.658
7.323
3.4651
-0.78146
-0.0018109
-0.62331
0.028192
-0.0018667
-0.0019972
-0.0031231
1.2903
0.27946
-0.10142
-0.44298
0.12166
-0.65548
11.454
7.2514
3.4532
-0.77927
0.0072296
-0.62623
0.02296
-0.002502
-0.0021093
-0.0027938
1.2235
0.24408
0.051734
-0.44303
0.12159
-0.65563
11.25
7.178
3.448
-0.79577
0.0036307
-0.6052
0.021822
-0.0034999
-0.0020925
-0.0024178
1.2074
0.23299
0.023565
-0.4431
0.12153
-0.65577
11.051
7.1116
3.4602
-0.79247
-0.0049701
-0.60918
0.029323
-0.0043023
-0.001987
-0.0021055
1.3023
0.16424
-0.14697
-0.4432
0.12146
-0.65588
10.858
7.0518
3.4478
-0.79054
-0.0042956
-0.61117
0.038769
-0.0050092
-0.0017541
-0.0018773
1.3909
0.043466
0.057777
-0.44335
0.1214
-0.65598
10.63
7.0042
3.4361
-0.79558
-0.0045774
-0.60503
0.031155
-0.0055007
-0.001439
-0.0017344
1.3126
0.10246
0.129
-0.44353
0.12135
-0.65606
10.417
6.9659
3.4558
-0.79922
-0.013576
-0.60048
0.022043
-0.0058517
-0.0011109
-0.0015742
1.3095
0.17229
-0.064488
-0.44377
0.1213
-0.65611
10.201
6.9146
3.4631
-0.79295
-0.0096439
-0.60909
0.012305
-0.0060471
-0.00082684
-0.0013679
1.2888
0.1778
-0.084656
-0.44408
0.12126
-0.65613
9.9855
6.8534
3.445
0.79441
-0.015365
0.60663
0.026086
-0.0060618
-0.00061358
-0.0011451
1.2768
0.090388
0.048695
-0.44441
0.12124
-0.65613
9.7854
6.8058
3.4428
0.80647
-0.019785
0.59046
0.024039
-0.0059544
-0.00041724
-0.00090019
1.2451
0.049184
-0.062273
-0.44482
0.12123
-0.65611
9.574
6.765
3.4461
0.7979
-0.036549
0.60157
0.011691
-0.0057818
-0.00021321
-0.00068231
1.296
0.017347
-0.17186
-0.44529
0.12125
-0.65606
9.3617
6.729
3.4213
0.78459
-0.049108
0.61752
0.025951
-0.0056355
1.1074e-05
-0.00051701
1.2585
-0.046069
0.088473
-0.44576
0.12128
-0.656
9.1579
6.7069
3.4153
0.79461
-0.046793
0.60418
0.037185
-0.005508
0.00031659
-0.00041535
1.1869
0.050895
0.080377
-0.44631
0.12133
-0.65591
8.9532
6.6776
3.4324
0.79484
-0.04435
0.6042
0.03469
-0.0054259
0.00065457
-0.00043281
1.154
0.096312
-0.083254
-0.44686
0.1214
-0.65582
8.7712
6.639
3.432
0.77891
-0.05603
0.62301
0.045002
-0.005433
0.00095924
-0.0005819
1.1467
0.076277
0.032508
-0.44747
0.12147
-0.65571
8.5779
6.5977
3.4214
0.78409
-0.069964
0.61572
0.034574
-0.0055575
0.0011666
-0.00083225
1.1061
0.056031
0.08971
-0.44812
0.12155
-0.6556
8.3917
6.561
3.4374
0.79899
-0.060676
0.59734
0.033472
-0.0056498
0.0012594
-0.0011072
1.1297
0.020861
-0.11234
-0.44873
0.12162
-0.65551
8.2145
6.5323
3.4366
0.79285
-0.049428
0.60664
0.030503
-0.0056149
0.0012052
-0.0013823
1.1964
-0.089629
-0.05681
-0.4494
0.12167
-0.65543
8.0167
6.5114
3.4169
0.78751
-0.04481
0.61427
0.022185
-0.0054705
0.0010223
-0.0016014
1.1379
-0.079878
0.13628
-0.45008
0.12172
-0.65536
7.8172
6.5003
3.4263
0.78707
-0.039686
0.61511
0.024179
-0.0052458
0.00081464
-0.0017534
1.0814
-0.012395
0.084605
-0.4507
0.12177
-0.65532
7.6397
6.483
3.4463
0.77204
-0.028293
0.63472
0.017295
-0.0049528
0.00062983
-0.0018914
1.0315
0.026776
0.18797
-0.45137
0.1218
-0.65529
7.4626
6.4563
3.4643
0.75604
-0.04232
0.65293
0.017493
-0.0045564
0.00052885
-0.0020361
0.92831
0.0040634
0.4099
-0.452
0.12182
-0.65527
7.3075
6.433
3.5143
0.75207
-0.060037
0.6556
0.031135
-0.0038971
0.00053375
-0.002234
0.75936
-0.063326
0.43644
-0.45269
0.12183
-0.65527
7.1671
6.4186
3.5897
0.73733
-0.077136
0.66859
0.05819
-0.0029533
0.00062888
-0.0024693
0.73686
-0.10632
0.25791
-0.45337
0.12183
-0.65528
7.0392
6.4154
3.6487
0.72727
-0.072099
0.67956
0.063819
-0.0021817
0.00084417
-0.0027024
0.71162
-0.13475
0.29511
-0.45397
0.12184
-0.65529
6.9226
6.4193
3.6898
0.73219
-0.068684
0.67603
0.04654
-0.0015256
0.0011404
-0.0029685
0.64413
-0.080075
0.36537
-0.45458
0.12182
-0.65529
6.8059
6.423
3.7509
0.72866
-0.070461
0.68072
0.026605
-0.00098007
0.0013645
-0.0032215
0.66633
0.035523
0.20582
-0.45515
0.1218
-0.65528
6.6954
6.413
3.8002
0.70947
-0.068256
0.70112
0.020759
-0.00051642
0.0015682
-0.0034025
0.57566
0.076795
0.20562
-0.45562
0.12175
-0.65527
6.598
6.3885
3.8303
0.72663
-0.082473
0.68132
0.031689
-7.4067e-05
0.0018312
-0.0035254
0.4786
0.033637
0.30803
-0.45606
0.12168
-0.65525
6.51
6.3644
3.8758
0.73969
-0.080474
0.66695
0.039566
0.0002455
0.0020624
-0.0035934
0.42776
-0.11343
0.16593
-0.45642
0.12159
-0.65523
6.4384
6.3607
3.9166
0.73609
-0.083102
0.6687
0.064047
0.00051614
0.0022763
-0.0036256
0.5296
-0.2303
0.13015
-0.45675
0.12147
-0.65522
6.3552
6.3801
3.9352
0.74346
-0.079511
0.66055
0.068007
0.00076559
0.0024166
-0.0036018
0.57724
-0.17554
0.35474
-0.457
0.1213
-0.65524
6.2548
6.4034
3.9784
0.75525
-0.076496
0.6475
0.066988
0.00095456
0.0024736
-0.0035168
0.64501
-0.10926
0.32695
-0.45718
0.12112
-0.65527
6.1555
6.4125
4.0363
0.74356
-0.097202
0.65803
0.068321
0.0011888
0.0024882
-0.0034146
0.62536
-0.050806
0.29075
-0.45731
0.12088
-0.65533
6.0442
6.4083
4.0834
0.74008
-0.12508
0.65706
0.070102
0.0015107
0.0025133
-0.0033373
0.543
-0.048187
0.36233
-0.45737
0.12061
-0.65543
5.9464
6.4028
4.1411
0.75524
-0.12653
0.63822
0.079219
0.0018244
0.0025541
-0.003249
0.55618
-0.13921
0.23504
-0.45738
0.12036
-0.65556
5.8574
6.405
4.1908
0.75411
-0.12209
0.63852
0.093324
0.0021133
0.0025296
-0.0031116
0.61093
-0.24357
0.18657
-0.45738
0.12009
-0.65574
5.7566
6.4249
4.2219
0.75176
-0.12059
0.6404
0.101
0.0022918
0.0024271
-0.0029835
0.61048
-0.24516
0.4003
-0.45736
0.11986
-0.65594
5.6527
6.4526
4.268
0.76419
-0.11282
0.62899
0.087553
0.0023283
0.0022032
-0.0029002
0.64417
-0.11718
0.39482
-0.45735
0.11965
-0.65615
5.5444
6.4676
4.3385
0.75554
-0.11639
0.63918
0.083988
0.0021788
0.0017435
-0.0029022
0.61915
-0.0093312
0.30766
-0.45736
0.11948
-0.65635
5.4329
6.4612
4.3953
0.74437
-0.12904
0.65035
0.079409
0.0019192
0.0012562
-0.0030169
0.53712
-0.036761
0.40668
-0.45739
0.11935
-0.6565
5.3422
6.4517
4.4515
0.75026
-0.13921
0.64135
0.080037
0.0015555
0.00076789
-0.0032548
0.50492
-0.072936
0.31463
-0.45745
0.11926
-0.65662
5.2545
6.4485
4.5174
0.74051
-0.13518
0.65253
0.087042
0.0010686
0.00020772
-0.003524
0.53704
-0.10499
0.17462
-0.45756
0.11921
-0.65668
5.1667
6.4519
4.5547
0.72848
-0.12172
0.66878
0.085094
0.00051387
-0.00023324
-0.0037376
0.61499
-0.11175
0.36605
-0.45769
0.1192
-0.6567
5.0727
6.4577
4.596
0.72772
-0.10908
0.67371
0.068201
-0.00025707
-0.0005164
-0.0039215
0.59865
-0.057252
0.45373
-0.45789
0.11921
-0.65668
4.9685
6.4599
4.6734
0.69922
-0.09992
0.70606
0.05079
-0.0010236
-0.00062139
-0.0040747
0.65239
0.078202
0.22499
-0.45813
0.11923
-0.65664
4.8685
6.4442
4.7256
0.68408
-0.098485
0.72103
0.049568
-0.0016627
-0.00069127
-0.0041954
0.5765
0.081273
0.30412
-0.45842
0.11926
-0.6566
4.767
6.4145
4.7667
0.68705
-0.10931
0.71571
0.06147
-0.0020672
-0.0008218
-0.0042435
0.50688
-0.00047631
0.35817
-0.45875
0.11931
-0.65655
4.6767
6.3937
4.8263
0.69113
-0.10366
0.71184
0.069836
-0.0022214
-0.00090009
-0.0042319
0.53552
-0.1427
0.13441
-0.45904
0.11936
-0.65652
4.5936
6.3945
4.867
0.68887
-0.10656
0.71202
0.084432
-0.0023058
-0.00092642
-0.0041659
0.64328
-0.22047
0.18585
-0.45935
0.11945
-0.6565
4.4894
6.4128
4.8866
0.69973
-0.10145
0.70296
0.076995
-0.0024911
-0.00095842
-0.0040719
0.674
-0.16094
0.41721
-0.45962
0.11955
-0.65649
4.3722
6.4311
4.9402
0.71251
-0.10475
0.69088
0.063486
-0.0027771
-0.00096821
-0.0039809
0.70578
-0.072273
0.24866
-0.45983
0.11965
-0.65649
4.2603
6.4347
4.9993
0.72177
-0.10556
0.68095
0.064969
-0.0031288
-0.00094359
-0.0038546
0.62308
0.001114
0.11581
-0.46
0.11976
-0.6565
4.1437
6.4223
5.0206
0.74163
-0.095655
0.66187
0.052506
-0.0035103
-0.00094822
-0.0036896
0.56017
-0.072326
0.2843
-0.4601
0.11987
-0.65653
4.053
6.4131
5.0548
0.75841
-0.10218
0.63941
0.074301
-0.0039101
-0.0009579
-0.0034395
0.57878
-0.18621
0.29469
-0.46014
0.11998
-0.65658
3.9521
6.4222
5.1106
0.75198
-0.092317
0.64524
0.098311
-0.0042704
-0.0009624
-0.0031126
0.62558
-0.27222
0.22868
-0.46011
0.1201
-0.65666
3.8471
6.4459
5.1481
0.75208
-0.086428
0.64462
0.10665
-0.0045476
-0.0010025
-0.0028096
0.63595
-0.31819
0.52793
-0.46002
0.12022
-0.65675
3.7387
6.4821
5.2067
0.75258
-0.082608
0.64869
0.077432
-0.00481
-0.0010759
-0.0025347
0.62627
-0.24453
0.4931
-0.45987
0.12036
-0.65687
3.6274
6.5164
5.3023
0.74007
-0.076533
0.66537
0.061031
-0.0050985
-0.0011473
-0.0023145
0.65801
-0.14753
0.26744
-0.45967
0.12049
-0.657
3.5147
6.5334
5.3638
0.72201
-0.10631
0.67903
0.07954
-0.0053256
-0.0011389
-0.0021512
0.53645
-0.24177
0.3464
-0.45945
0.1206
-0.65714
3.4134
6.5499
5.4123
0.72998
-0.14305
0.66164
0.094349
-0.0051707
-0.0010395
-0.0019811
0.42952
-0.36198
0.41896
-0.4592
0.12071
-0.65731
3.3251
6.5898
5.4807
0.72835
-0.16539
0.65387
0.12086
-0.004755
-0.00088979
-0.001787
0.40213
-0.50894
0.17892
-0.45897
0.12082
-0.65748
3.2512
6.6502
5.5288
0.71746
-0.19723
0.64979
0.15532
-0.0041805
-0.00072498
-0.0015218
0.42497
-0.61538
0.24057
-0.45875
0.12096
-0.65769
3.1666
6.7366
5.5584
0.71362
-0.22541
0.63815
0.1808
-0.003522
-0.00065322
-0.0012089
0.35135
-0.66482
0.38072
-0.45854
0.1211
-0.6579
3.0868
6.837
5.6136
0.70404
-0.26719
0.62331
0.21079
-0.0030458
-0.00069066
-0.00090328
0.29812
-0.67374
0.25113
-0.45835
0.12125
-0.6581
3.0219
6.9357
5.668
0.68807
-0.30975
0.61091
0.23961
-0.0028189
-0.00076597
-0.00064374
0.32055
-0.72742
-0.039304
-0.45817
0.1214
-0.65831
2.9529
7.0464
5.6837
0.66273
-0.34875
0.59542
0.29093
-0.0026476
-0.00078854
-0.00051089
0.2441
-0.78177
0.0089377
-0.45802
0.12152
-0.65851
2.8864
7.1672
5.6781
0.64424
-0.39397
0.56596
0.33082
-0.0025223
-0.00071696
-0.00048855
0.096621
-0.78996
0.08219
-0.45789
0.12161
-0.6587
2.8406
7.2884
5.6871
0.61941
-0.43584
0.54124
0.36529
-0.0023959
-0.00053059
-0.00052183
-0.062329
-0.88086
-0.054449
-0.45779
0.12168
-0.65892
2.8185
7.4277
5.6913
0.58641
-0.45978
0.53774
0.39442
-0.0022177
-0.00026794
-0.00061817
-0.22686
-0.94296
-0.071125
-0.45773
0.12171
-0.65915
2.8196
7.5763
5.6788
0.554
-0.48719
0.53194
0.41565
-0.0019441
2.4906e-05
-0.00078702
-0.40596
-0.90234
0.055889
-0.4577
0.12173
-0.6594
2.8558
7.7405
5.6775
0.51132
-0.53533
0.49849
0.45109
-0.0015786
0.00027446
-0.00097861
-0.49638
-0.8548
0.0059428
-0.45771
0.12174
-0.65967
2.9115
7.8985
5.6858
0.46658
-0.58745
0.45154
0.48303
-0.0012862
0.00044805
-0.0011836
-0.59331
-0.81735
-0.12825
-0.45774
0.12175
-0.65993
2.9804
8.043
5.6752
0.40821
-0.61842
0.39788
0.54094
-0.0010776
0.00054035
-0.0014206
-0.6411
-0.7129
-0.017482
-0.45781
0.12176
-0.66021
3.0667
8.1884
5.6582
0.3315
-0.65676
0.34122
0.5851
-0.0009188
0.00052141
-0.0016564
-0.7761
-0.42194
0.15616
-0.45791
0.12176
-0.66049
3.1721
8.3006
5.6709
0.25657
-0.69057
0.28076
0.61519
-0.00087451
0.00044538
-0.0018958
-0.83338
-0.19877
0.093846
-0.45803
0.12176
-0.66074
3.293
8.3663
5.695
0.17893
-0.71381
0.22318
0.63925
-0.00097497
0.00032917
-0.0021878
-0.87678
-0.10675
-0.0089461
-0.45818
0.12173
-0.661
3.4344
8.4105
5.7002
0.12603
-0.7167
0.15965
0.66705
-0.0011451
0.00017011
-0.0024355
-0.87962
-0.01615
0.19731
-0.45835
0.12169
-0.66125
3.573
8.4413
5.7102
0.086393
-0.71857
0.11683
0.6801
-0.0013082
-0.00011592
-0.0026589
-0.73326
0.057168
0.44982
-0.45857
0.1216
-0.66153
3.7112
8.4548
5.7699
0.051276
-0.7166
0.071169
0.69194
-0.0012466
-0.00047897
-0.002903
-0.63722
0.0029717
0.34745
-0.4588
0.12148
-0.66182
3.8247
8.4648
5.8419
0.013
-0.71397
0.043623
0.6987
-0.0011642
-0.00072281
-0.0031215
-0.57171
-0.035637
0.238
-0.45904
0.12132
-0.66213
3.9204
8.4795
5.886
-0.018216
-0.70946
0.017633
0.70429
-0.0011607
-0.00078682
-0.0033489
-0.49192
-0.023613
0.36871
-0.45932
0.12112
-0.6625
4.0087
8.4985
5.9367
-0.04382
-0.71562
-0.010131
0.69704
-0.001104
-0.00068118
-0.0035653
-0.48929
0.07127
0.34393
-0.45963
0.12087
-0.66291
4.0917
8.5053
6.0035
-0.056077
-0.71812
-0.02704
0.69313
-0.0011022
-0.00052235
-0.0036941
-0.55261
0.14702
0.14951
-0.45995
0.12061
-0.66333
4.1761
8.4989
6.0412
-0.072977
-0.71339
-0.048354
0.69528
-0.00114
-0.00046792
-0.0037652
-0.56347
0.17829
0.24857
-0.4603
0.12029
-0.6638
4.2746
8.4829
6.0709
-0.071375
-0.71698
-0.056076
0.69115
-0.0011113
-0.00058252
-0.0038247
-0.55945
0.066363
0.40028
-0.46065
0.11997
-0.66428
4.3674
8.4749
6.1276
-0.060258
-0.71562
-0.041903
0.69463
-0.001122
-0.0007475
-0.0038586
-0.58076
-0.045073
0.28987
-0.46101
0.11962
-0.6648
4.4627
8.4872
6.1862
-0.059878
-0.6992
-0.032778
0.71166
-0.0013108
-0.00087918
-0.0038347
-0.52735
-0.056258
0.30205
-0.46136
0.11925
-0.66534
4.5572
8.5103
6.2332
-0.062545
-0.69691
-0.031008
0.71375
-0.0015021
-0.00091818
-0.0037757
-0.50131
0.0091775
0.38255
-0.46166
0.1189
-0.66585
4.6359
8.525
6.2904
-0.055338
-0.7164
-0.027411
0.69495
-0.0015749
-0.0006719
-0.0036539
-0.5252
0.10445
0.2195
-0.46195
0.11854
-0.6664
4.7219
8.5287
6.343
-0.060389
-0.71604
-0.044073
0.69404
-0.0014425
-0.0003194
-0.0034509
-0.58119
0.15759
0.14642
-0.4622
0.1182
-0.66694
4.8173
8.5182
6.3687
-0.048258
-0.72197
-0.047342
0.68862
-0.0012758
5.9718e-05
-0.0031975
-0.59808
0.12187
0.34599
-0.46239
0.11793
-0.66744
4.9141
8.5071
6.4087
-0.038629
-0.73485
-0.0092412
0.67706
-0.0012871
0.00061544
-0.0028775
-0.60541
0.034642
0.18887
-0.46256
0.1177
-0.66798
5.0174
8.5083
6.4581
-0.037982
-0.73226
-0.0020052
0.67996
-0.001431
0.0011226
-0.0025017
-0.59076
0.0093096
0.15547
-0.46267
0.11752
-0.66849
5.1135
8.5192
6.4818
-0.040002
-0.72641
-0.01195
0.68599
-0.0015533
0.0014942
-0.0020321
-0.53362
-0.034725
0.31155
-0.46276
0.11739
-0.66905
5.2072
8.5359
6.5208
-0.041396
-0.73539
-0.030731
0.67568
-0.001642
0.0017143
-0.0015594
-0.52407
0.0038803
0.35662
-0.46279
0.11733
-0.66962
5.2956
8.5529
6.5803
-0.044278
-0.74042
-0.034499
0.66979
-0.0016746
0.0018576
-0.0012028
-0.53655
0.078008
0.17556
-0.46278
0.11732
-0.67016
5.3798
8.5581
6.6228
-0.056458
-0.73235
-0.04652
0.67699
-0.0015598
0.0018584
-0.00097923
-0.57146
0.15636
0.30244
-0.46271
0.11738
-0.67072
5.477
8.5503
6.6577
-0.05888
-0.72974
-0.043762
0.67978
-0.0014415
0.0016928
-0.00097034
-0.56349
0.084303
0.43889
-0.46259
0.11749
-0.67124
5.5769
8.5408
6.7252
-0.058134
-0.73469
-0.029595
0.67526
-0.0014924
0.0015961
-0.0012324
-0.61569
-0.018959
0.3
-0.46241
0.11762
-0.67169
5.6694
8.5482
6.7859
-0.07298
-0.72897
-0.0251
0.68018
-0.0015747
0.0014885
-0.0017789
-0.60885
-0.083536
0.26347
-0.46217
0.11778
-0.67211
5.7753
8.5737
6.827
-0.084371
-0.72465
-0.019386
0.68366
-0.0016253
0.0013334
-0.0023294
-0.55212
-0.057584
0.32633
-0.4619
0.11794
-0.67246
5.8617
8.5983
6.8761
-0.10451
-0.73421
-0.04848
0.66907
-0.0017992
0.0012956
-0.0028927
-0.4821
0.012919
0.3064
-0.46157
0.11812
-0.67279
5.9501
8.6139
6.9318
-0.11249
-0.72827
-0.065608
0.67281
-0.0019312
0.0014373
-0.0034025
-0.4889
0.11544
0.13003
-0.46119
0.11829
-0.67306
6.0313
8.614
6.9698
-0.12836
-0.72604
-0.083015
0.67045
-0.0020192
0.0015349
-0.0037538
-0.53496
0.18764
0.13759
-0.46082
0.11843
-0.67328
6.115
8.6003
6.9888
-0.14789
-0.73266
-0.11832
0.65371
-0.0020366
0.0014595
-0.003976
-0.58295
0.24529
0.35724
-0.46039
0.11857
-0.67346
6.2169
8.5762
7.0302
-0.1639
-0.74201
-0.10194
0.642
-0.0018542
0.00117
-0.0041097
-0.60756
0.10574
0.196
-0.45993
0.1187
-0.67361
6.3203
8.5613
7.0814
-0.17187
-0.73155
-0.11118
0.65034
-0.0017193
0.00088591
-0.0041589
-0.61081
0.035193
0.14653
-0.45949
0.11879
-0.6737
6.4174
8.5644
7.1047
-0.19454
-0.72976
-0.12346
0.64371
-0.0016736
0.00065406
-0.0041355
-0.58104
0.10943
0.29684
-0.45901
0.11886
-0.67377
6.5209
8.5656
7.1409
-0.21142
-0.73812
-0.13472
0.62636
-0.0017147
0.00043164
-0.004048
-0.54454
0.18929
0.26792
-0.45859
0.11891
-0.6738
6.6132
8.5542
7.1915
-0.20279
-0.73515
-0.16377
0.62579
-0.0019056
0.0002013
-0.0038945
-0.62022
0.30072
0.2531
-0.45818
0.11892
-0.67382
6.7161
8.5277
7.2284
-0.19557
-0.72699
-0.17572
0.63432
-0.0020503
2.6201e-05
-0.0037246
-0.61464
0.28372
0.40176
-0.45782
0.11891
-0.67381
6.8273
8.4899
7.2859
-0.20718
-0.73195
-0.17898
0.62393
-0.0021195
-0.00012825
-0.0035362
-0.58988
0.21171
0.34962
-0.45754
0.11887
-0.67379
6.9278
8.4643
7.3506
-0.20855
-0.73271
-0.16964
0.62519
-0.0020681
-0.00036681
-0.0033315
-0.62137
0.1941
0.14401
-0.4573
0.11881
-0.67374
7.0357
8.4454
7.3905
-0.22243
-0.7197
-0.17945
0.63273
-0.0016683
-0.00068734
-0.0032144
-0.53326
0.18995
0.25655
-0.45713
0.11876
-0.67366
7.1374
8.4258
7.4245
-0.24886
-0.72602
-0.18718
0.61313
-0.0012704
-0.00099292
-0.0030988
-0.49018
0.23611
0.2505
-0.45703
0.11872
-0.67355
7.2237
8.4069
7.4617
-0.25701
-0.73589
-0.19057
0.59673
-0.0010844
-0.0012699
-0.0028635
-0.50136
0.40057
0.16293
-0.45699
0.11869
-0.6734
7.3137
8.3655
7.4974
-0.26905
-0.71884
-0.2136
0.60437
-0.0010125
-0.0014155
-0.0026108
-0.5162
0.48399
0.22799
-0.45702
0.11868
-0.67322
7.4047
8.3052
7.5251
-0.27368
-0.72286
-0.21737
0.59609
-0.0012017
-0.0013955
-0.0023814
-0.57057
0.36368
0.39029
-0.45712
0.11867
-0.67299
7.506
8.2451
7.578
-0.27007
-0.73179
-0.20561
0.59099
-0.0014521
-0.0012765
-0.0022713
-0.6956
0.27356
0.2737
-0.4573
0.11867
-0.67273
7.6171
8.2073
7.6398
-0.2669
-0.72857
-0.2016
0.59775
-0.001626
-0.0010179
-0.0022928
-0.7631
0.23228
0.17433
-0.45754
0.11867
-0.67246
7.741
8.1825
7.6693
-0.27363
-0.72684
-0.19529
0.59891
-0.0017732
-0.00067286
-0.0024342
-0.80362
0.12936
0.2952
-0.45787
0.11867
-0.67215
7.8757
8.168
7.7136
-0.25129
-0.75259
-0.16587
0.58561
-0.002082
-0.0003493
-0.0025762
-0.82234
0.09201
0.167
-0.45827
0.11868
-0.67181
8.0155
8.1716
7.7554
-0.22262
-0.76695
-0.13525
0.58646
-0.002556
-0.00012938
-0.0027584
-0.90371
0.22571
-0.1263
-0.4587
0.11869
-0.67148
8.1534
8.1655
7.7606
-0.20813
-0.77159
-0.13167
0.58651
-0.002466
-0.00022372
-0.0031319
-0.99151
0.30358
-0.062715
-0.45919
0.11872
-0.67113
8.3211
8.1419
7.7362
-0.18804
-0.78127
-0.11195
0.58457
-0.0020926
-0.00052892
-0.0035499
-1.0628
0.23069
0.079989
-0.45966
0.11876
-0.67081
8.4885
8.1176
7.7415
-0.16117
-0.78918
-0.098565
0.58438
-0.001539
-0.00089188
-0.0038983
-1.1686
0.00087468
-0.043138
-0.46015
0.11884
-0.67051
8.6792
8.1225
7.7488
-0.1276
-0.78511
-0.080829
0.60066
-0.0011266
-0.0011839
-0.0040324
-1.2586
-0.17235
-0.045055
-0.46062
0.11894
-0.67025
8.8794
8.168
7.7342
-0.11838
-0.78617
-0.076135
0.60177
-0.00089715
-0.0013261
-0.0039731
-1.2744
-0.16806
0.21494
-0.46104
0.11904
-0.67004
9.0794
8.2235
7.7504
-0.098449
-0.79819
-0.056654
0.5916
-0.00081488
-0.0012574
-0.003828
-1.2808
-0.11984
0.041435
-0.46145
0.11916
-0.66986
9.2876
8.276
7.7782
-0.091627
-0.79912
-0.040276
0.59278
-0.00094152
-0.0011846
-0.0036529
-1.2954
-0.0187
-0.10435
-0.46182
0.11929
-0.66973
9.5035
8.3194
7.765
-0.076786
-0.78482
-0.013082
0.61481
-0.0011322
-0.001078
-0.0035085
-1.3303
0.035544
0.022616
-0.46214
0.11939
-0.66964
9.7122
8.3457
7.7567
-0.053153
-0.79795
-0.0099427
0.6003
-0.0013492
-0.00078182
-0.0034012
-1.2982
0.031859
0.13813
-0.46243
0.11948
-0.66957
9.9354
8.3678
7.7724
-0.040096
-0.80307
0.010559
0.59445
-0.0014888
-0.00048502
-0.003355
-1.3223
-0.016762
-0.074135
-0.46268
0.11955
-0.66953
10.144
8.3969
7.7811
-0.034925
-0.79275
0.034494
0.60757
-0.0014548
-0.00024386
-0.0034041
-1.2681
-8.242e-05
-0.041815
-0.46292
0.11961
-0.66952
10.359
8.4272
7.7661
-0.067368
-0.78742
0.015015
0.61255
-0.0012087
-8.39e-05
-0.003581
-1.2969
0.027302
0.12813
-0.46312
0.11965
-0.66952
10.575
8.4554
7.7767
-0.08505
-0.79049
-0.010487
0.60645
-0.00097786
2.3588e-05
-0.003796
-1.3317
0.024836
-0.033391
-0.46329
0.11968
-0.66954
10.785
8.4797
7.7865
-0.078464
-0.77342
-0.018872
0.62873
-0.00087559
0.00011294
-0.0040064
-1.3506
0.017927
-0.044249
-0.46343
0.1197
-0.66958
11.009
8.5081
7.7751
-0.051377
-0.7683
-0.00017484
0.63803
-0.00087651
0.00024359
-0.0041941
-1.3782
-0.11622
0.096541
-0.46355
0.1197
-0.66964
11.239
8.5453
7.7801
-0.0062841
-0.77654
-0.0032085
0.63003
-0.00091966
0.00036101
-0.0043716
-1.3256
-0.28155
0.034681
-0.46364
0.11968
-0.6697
11.449
8.6064
7.7944
0.032332
-0.77231
0.016858
0.6342
-0.00094886
0.00039103
-0.0045644
-1.312
-0.42045
-0.16423
-0.46371
0.11965
-0.66978
11.664
8.6972
7.7794
0.050231
-0.76531
0.04165
0.64035
-0.00092314
0.00039711
-0.004751
-1.2759
-0.5229
0.016185
-0.46375
0.11961
-0.66987
11.859
8.7996
7.7653
0.068729
-0.77863
0.056012
0.62118
-0.00089162
0.000455
-0.0049386
-1.214
-0.50958
0.0405
-0.46377
0.11955
-0.66997
12.057
8.9154
7.7765
0.090352
-0.78835
0.070847
0.60442
-0.00095991
0.00054115
-0.0050617
-1.221
-0.5105
-0.19892
-0.46378
0.11948
-0.67007
12.25
9.0288
7.7608
0.10704
-0.77466
0.097969
0.61551
-0.00103
0.0006385
-0.0051163
-1.261
-0.49556
-0.083662
-0.46376
0.11941
-0.67017
12.436
9.1359
7.7337
0.1241
-0.77597
0.10351
0.60972
-0.0010958
0.00077649
-0.005119
-1.2044
-0.54542
0.084907
-0.46373
0.11932
-0.67026
12.637
9.2504
7.7363
0.13467
-0.7851
0.12361
0.59178
-0.0011912
0.00091557
-0.005078
-1.1483
-0.59834
-0.009662
-0.46368
0.11923
-0.67036
12.82
9.3749
7.7481
0.13852
-0.77401
0.14682
0.60014
-0.00125
0.0010515
-0.005048
-1.1648
-0.60602
-0.086743
-0.46363
0.11914
-0.67044
12.99
9.4963
7.7342
0.11349
-0.76356
0.14365
0.61924
-0.001219
0.0012068
-0.0050604
-1.1279
-0.59295
0.15809
-0.46357
0.11904
-0.67053
13.168
9.6233
7.7413
0.11385
-0.7703
0.12741
0.61436
-0.0011746
0.0013497
-0.0050917
-1.1337
-0.58227
0.05952
-0.4635
0.11895
-0.6706
13.334
9.7432
7.7626
0.11843
-0.77021
0.11792
0.61551
-0.0011702
0.0014711
-0.0051177
-1.2109
-0.56613
-0.17061
-0.46342
0.11885
-0.67066
13.515
9.8671
7.7486
0.11667
-0.75663
0.10939
0.63398
-0.0012267
0.001538
-0.0051214
-1.2495
-0.59502
0.04872
-0.46333
0.11875
-0.67072
13.712
9.9916
7.7351
0.14267
-0.76569
0.119
0.6158
-0.0012661
0.0015156
-0.0051195
-1.1806
-0.74599
0.12796
-0.46325
0.11865
-0.67076
13.892
10.124
7.7533
0.17138
-0.77066
0.1421
0.59709
-0.001205
0.0014216
-0.0051373
-1.0823
-0.80439
-0.035974
-0.46316
0.11855
-0.6708
14.062
10.28
7.7647
0.17829
-0.74633
0.15477
0.6223
-0.0010551
0.0013179
-0.0051718
-1.0593
-0.7934
-0.017581
-0.46306
0.11846
-0.67082
14.224
10.441
7.7525
0.16791
-0.74356
0.15307
0.62888
-0.00085797
0.0012504
-0.0052093
-0.97785
-0.74929
0.11788
-0.46297
0.11838
-0.67085
14.37
10.586
7.7663
0.18615
-0.74623
0.15246
0.62069
-0.00069387
0.0012454
-0.005226
-0.91737
-0.74808
-0.085418
-0.46287
0.1183
-0.67086
14.512
10.733
7.771
0.19417
-0.73444
0.17847
0.62534
-0.0006225
0.0012729
-0.0051957
-0.99863
-0.76614
-0.14964
-0.46277
0.11823
-0.67087
14.655
10.883
7.746
0.20122
-0.73258
0.19978
0.61881
-0.00059205
0.0012826
-0.0051283
-1.026
-0.78967
0.10308
-0.46268
0.11817
-0.67088
14.801
11.027
7.7403
0.21939
-0.73263
0.20723
0.61007
-0.00057104
0.0012552
-0.0050078
-0.9754
-0.8636
0.16518
-0.46259
0.11811
-0.67088
14.95
11.189
7.7708
0.22534
-0.72106
0.21049
0.62047
-0.00059905
0.0011911
-0.0048219
-0.92189
-0.96687
-0.066477
-0.4625
0.11806
-0.67088
15.089
11.365
7.7757
0.21214
-0.71119
0.21619
0.6344
-0.00068661
0.0011329
-0.0045954
-0.89069
-0.93917
0.067267
-0.46242
0.11802
-0.67088
15.21
11.538
7.7722
0.1992
-0.7303
0.21054
0.6186
-0.00083572
0.0011052
-0.0043106
-0.8566
-0.87374
0.076121
-0.46234
0.11797
-0.67087
15.338
11.709
7.7917
0.2063
-0.73903
0.20217
0.60861
-0.0010192
0.0010843
-0.0039841
-0.91754
-0.91058
-0.20228
-0.46226
0.11793
-0.67086
15.465
11.878
7.7799
0.20365
-0.72169
0.19566
0.63198
-0.0011855
0.001053
-0.0036595
-1.0553
-0.91859
-0.068127
-0.4622
0.11789
-0.67085
15.603
12.046
7.7534
0.20557
-0.72113
0.20211
0.62997
-0.0013247
0.0010063
-0.0033091
-0.99171
-0.94364
0.13812
-0.46213
0.11785
-0.67083
15.756
12.226
7.7631
0.21106
-0.73028
0.21603
0.61277
-0.0014166
0.00094556
-0.0029789
-0.93853
-0.97511
-0.0034093
-0.46207
0.11781
-0.67081
15.888
12.4
7.7779
0.21464
-0.71474
0.21945
0.62843
-0.0014794
0.00087663
-0.0026263
-0.93041
-0.97237
0.017831
-0.46201
0.11777
-0.67079
16.021
12.587
7.7688
0.202
-0.70608
0.21264
0.64454
-0.0015248
0.00082843
-0.002273
-0.89145
-0.9002
0.18629
-0.46195
0.11774
-0.67076
16.152
12.766
7.7896
0.20622
-0.72094
0.21845
0.6245
-0.0015761
0.00080095
-0.0019408
-0.90628
-0.8414
0.026233
-0.4619
0.11771
-0.67073
16.274
12.922
7.8101
0.20352
-0.72427
0.20605
0.62575
-0.0016575
0.00079292
-0.0015944
-0.95207
-0.83941
-0.17838
-0.46185
0.11768
-0.6707
16.41
13.084
7.7909
0.20132
-0.70543
0.19862
0.64992
-0.0017553
0.00082782
-0.0012913
-1.0182
-0.80456
0.044626
-0.4618
0.11765
-0.67066
16.55
13.236
7.7775
0.22318
-0.71604
0.20174
0.6299
-0.0018837
0.0009187
-0.0010041
-0.98749
-0.82468
0.10546
-0.46175
0.11762
-0.67063
16.699
13.394
7.7973
0.23507
-0.72688
0.20589
0.61155
-0.0020406
0.0010491
-0.00075758
-1.0001
-0.84874
-0.17602
-0.46171
0.11759
-0.67059
16.847
13.56
7.7909
0.2149
-0.7265
0.20258
0.62046
-0.0022124
0.0011886
-0.00056178
-0.99891
-0.81791
-0.066263
-0.46168
0.11757
-0.67055
16.99
13.714
7.766
0.17919
-0.74255
0.18916
0.61703
-0.002409
0.0013465
-0.00039121
-1.0066
-0.73393
0.10687
-0.46165
0.11754
-0.67051
17.14
13.867
7.7743
0.16084
-0.76086
0.16523
0.60657
-0.0025999
0.0014869
-0.00026569
-1.0456
-0.67978
-0.11975
-0.46162
0.11751
-0.67047
17.288
14
7.7757
0.14975
-0.74781
0.14567
0.63019
-0.0027961
0.0016152
-0.00017242
-1.1058
-0.73395
-0.086217
-0.46159
0.11747
-0.67043
17.452
14.145
7.7512
0.16441
-0.74592
0.1548
0.62659
-0.0029891
0.0017347
-0.00011353
-1.083
-0.73993
0.13756
-0.46157
0.11744
-0.67039
17.62
14.294
7.7576
0.17936
-0.75432
0.1656
0.60943
-0.003199
0.0018337
-7.5854e-05
-1.0771
-0.74786
-0.023033
-0.46156
0.1174
-0.67035
17.774
14.436
7.7724
0.17066
-0.74316
0.17459
0.62298
-0.0034672
0.0019027
-5.2073e-05
-1.0448
-0.75036
-0.16812
-0.46154
0.11736
-0.67031
17.935
14.587
7.7496
0.15096
-0.74831
0.15495
0.62709
-0.0037448
0.0019283
-5.2651e-05
-1.0498
-0.68976
0.038621
-0.46153
0.11732
-0.67027
18.086
14.724
7.7383
0.136
-0.7675
0.14464
0.60953
-0.0040292
0.0019319
-8.7549e-05
-1.1225
-0.60406
0.01852
-0.46152
0.11727
-0.67023
18.252
14.858
7.7526
0.12007
-0.76438
0.12017
0.62198
-0.004293
0.0019314
-0.00015519
-1.2024
-0.55837
-0.20873
-0.46151
0.11722
-0.6702
18.432
14.984
7.7293
0.10395
-0.74893
0.12146
0.64307
-0.0045428
0.001942
-0.00023335
-1.2655
-0.53451
0.038678
-0.4615
0.11717
-0.67017
18.616
15.095
7.7132
0.089942
-0.76378
0.11483
0.62878
-0.0048307
0.0019665
-0.00032378
-1.2057
-0.52659
0.12634
-0.46149
0.11712
-0.67013
18.813
15.212
7.7317
0.080225
-0.77422
0.11894
0.61644
-0.0051317
0.0019854
-0.00042997
-1.1891
-0.51914
-0.097293
-0.46148
0.11706
-0.6701
19.002
15.328
7.7368
0.066073
-0.76931
0.12225
0.62358
-0.0054162
0.0019786
-0.00055239
-1.1954
-0.46487
-0.046991
-0.46148
0.11701
-0.67007
19.179
15.431
7.7191
0.031698
-0.77496
0.072806
0.627
-0.0056934
0.0019251
-0.00071583
-1.1683
-0.31322
0.11958
-0.46147
0.11695
-0.67004
19.369
15.525
7.7318
0.014503
-0.79156
0.027065
0.61032
-0.0059229
0.0018146
-0.00092529
-1.2102
-0.22071
-0.13112
-0.46146
0.11689
-0.67001
19.566
15.595
7.734
-0.0056584
-0.79061
0.024803
0.61179
-0.006119
0.0016622
-0.0011586
-1.3114
-0.22534
-0.17275
-0.46145
0.11683
-0.66999
19.761
15.656
7.7039
-0.011473
-0.77952
0.0036241
0.62626
-0.0063228
0.0014651
-0.0014338
-1.3433
-0.10898
0.18799
-0.46143
0.11677
-0.66996
19.982
15.718
7.7057
-0.014113
-0.77494
-0.0067931
0.63184
-0.0065286
0.001266
-0.0017045
-1.294
-0.1516
0.098819
-0.46141
0.11671
-0.66993
20.186
15.767
7.733
-0.015082
-0.77184
-0.0038478
0.63563
-0.0067826
0.0010524
-0.0019952
-1.3133
-0.15015
-0.14189
-0.46139
0.11665
-0.6699
20.402
15.822
7.7265
-0.024073
-0.7636
-0.0038374
0.64524
-0.0070628
0.000847
-0.0022806
-1.3276
-0.098856
0.035371
-0.46136
0.11659
-0.66987
20.622
15.876
7.7133
-0.04228
-0.77349
-0.012035
0.63229
-0.0073359
0.00066627
-0.0025446
-1.3061
0.04679
0.10992
-0.46133
0.11653
-0.66984
20.83
15.907
7.7301
-0.051483
-0.78073
-0.013554
0.6226
-0.0076309
0.00048623
-0.0028195
-1.3399
0.13635
-0.13967
-0.4613
0.11646
-0.6698
21.053
15.921
7.7263
-0.056729
-0.76823
-0.040804
0.63635
-0.0079296
0.00032228
-0.003064
-1.409
0.15409
-0.011046
-0.46126
0.1164
-0.66977
21.275
15.926
7.7101
-0.040537
-0.77543
-0.039629
0.62888
-0.0082804
0.00014202
-0.0033049
-1.3922
-0.041504
0.14
-0.46122
0.11633
-0.66974
21.515
15.948
7.7247
-0.011891
-0.78541
-0.024675
0.61837
-0.0086498
-4.7359e-05
-0.0035285
-1.3041
-0.097192
-0.025706
-0.46119
0.11626
-0.66971
21.739
15.993
7.736
-0.008002
-0.77899
-0.014041
0.62683
-0.0089914
-0.00022926
-0.0037263
-1.3423
-0.048124
-0.1124
-0.46115
0.11619
-0.66967
21.947
16.032
7.7208
-0.033378
-0.77745
-0.037795
0.62693
-0.0093362
-0.00041479
-0.0039225
-1.2947
-0.023554
0.13849
-0.46111
0.11612
-0.66964
22.17
16.068
7.7245
-0.037313
-0.7875
-0.042197
0.61374
-0.0096641
-0.00057729
-0.0040999
-1.2653
0.032523
0.017649
-0.46107
0.11604
-0.6696
22.384
16.098
7.7402
-0.051295
-0.77816
-0.051531
0.62385
-0.0099573
-0.00069672
-0.0042457
-1.3363
0.043551
-0.13066
-0.46103
0.11597
-0.66956
22.592
16.12
7.7261
-0.036908
-0.76672
-0.025278
0.64041
-0.010234
-0.00079496
-0.004375
-1.3853
0.05176
0.076439
-0.46099
0.11589
-0.66952
22.823
16.143
7.718
-0.021637
-0.7722
-0.014135
0.63485
-0.010443
-0.00087217
-0.0044715
-1.3214
-0.067888
0.16062
-0.46096
0.11581
-0.66948
23.035
16.173
7.7439
-0.0072636
-0.77768
-0.0039096
0.6286
-0.010603
-0.00093524
-0.0045488
-1.3643
-0.1337
-0.10564
-0.46092
0.11572
-0.66943
23.259
16.223
7.7492
-0.00093134
-0.75446
0.0057725
0.65633
-0.010689
-0.00097669
-0.0045999
-1.4028
-0.10014
-0.092989
-0.46089
0.11564
-0.66939
23.488
16.276
7.7243
-0.0032753
-0.74292
-0.0023884
0.66937
-0.010698
-0.00099279
-0.004618
-1.3526
-0.080198
0.16783
-0.46087
0.11556
-0.66934
23.707
16.319
7.7325
-0.015447
-0.74717
-0.017871
0.66421
-0.010619
-0.00098918
-0.0045986
-1.3393
-0.044454
-0.07549
-0.46084
0.11547
-0.66929
23.93
16.36
7.7462
-0.014001
-0.73899
-0.013444
0.67344
-0.010429
-0.00096978
-0.0045374
-1.3881
-0.052685
-0.10649
-0.46082
0.11539
-0.66924
24.158
16.4
7.7233
-0.0063388
-0.74154
-0.0003049
0.67088
-0.010134
-0.00092926
-0.0044416
-1.3645
-0.073705
0.12235
-0.46081
0.11531
-0.66919
24.374
16.437
7.7263
0.00041556
-0.75086
0.020046
0.66016
-0.009678
-0.00085563
-0.004305
-1.3128
-0.19441
0.080912
-0.4608
0.11523
-0.66914
24.593
16.492
7.7506
0.00060989
-0.75149
0.016256
0.65954
-0.0091036
-0.00075862
-0.0041523
-1.3773
-0.19487
-0.19106
-0.4608
0.11516
-0.66909
24.801
16.552
7.74
0.0076307
-0.75234
0.031511
0.65797
-0.0083003
-0.00062545
-0.0039713
-1.4242
-0.16393
-0.031094
-0.4608
0.11509
-0.66904
25.035
16.615
7.7122
-0.026206
-0.75768
0.0066512
0.65207
-0.0073042
-0.00045719
-0.0037823
-1.3133
-0.061591
0.11078
-0.4608
0.11503
-0.66898
25.262
16.666
7.7257
-0.033937
-0.76104
-0.027846
0.64722
-0.006306
-0.00027787
-0.0036012
-1.4281
-0.070935
-0.10544
-0.46081
0.11498
-0.66893
25.476
16.707
7.7291
-0.0019714
-0.76158
-0.031181
0.64731
-0.0052432
-8.6826e-05
-0.0034025
-1.4337
-0.03898
-0.081171
-0.46082
0.11493
-0.66887
25.718
16.751
7.7095
0.002478
-0.74377
0.0020827
0.66843
-0.0043487
8.2e-05
-0.0032133
-1.3311
-0.089537
0.18295
-0.46084
0.1149
-0.66882
25.937
16.788
7.7203
0.011485
-0.75746
0.015856
0.65259
-0.0035205
0.00024787
-0.0030125
-1.3562
-0.14685
0.014872
-0.46086
0.11487
-0.66877
26.156
16.839
7.7412
0.028039
-0.75063
0.027061
0.65957
-0.0028244
0.00039515
-0.0028114
-1.444
-0.15944
-0.096732
-0.46088
0.11484
-0.66871
26.389
16.896
7.7239
0.021163
-0.74142
0.009554
0.67064
-0.0022699
0.00052352
-0.0026312
-1.4541
-0.12667
0.10635
-0.46091
0.11482
-0.66866
26.614
16.951
7.7281
0.0018063
-0.74867
0.015401
0.66277
-0.001766
0.00067288
-0.0024628
-1.4067
7.4685e-05
0.038696
-0.46093
0.1148
-0.66861
26.85
16.992
7.744
0.0065746
-0.75304
0.0037748
0.65794
-0.0013433
0.00083373
-0.0023238
-1.419
0.07216
-0.13019
-0.46096
0.11478
-0.66856
27.088
17.018
7.7323
0.017648
-0.72892
0.0010788
0.68437
-0.0010224
0.00098342
-0.0022211
-1.3128
0.11367
0.094227
-0.46099
0.11477
-0.66851
27.31
17.034
7.7251
0.013635
-0.73589
-0.010362
0.67688
-0.00073674
0.0011319
-0.0021509
-1.2362
-0.0072467
0.15984
-0.46101
0.11475
-0.66846
27.525
17.052
7.7555
0.017068
-0.7529
0.0097289
0.65784
-0.00051941
0.0012403
-0.002124
-1.2969
-0.086222
-0.12665
-0.46104
0.11474
-0.66841
27.726
17.089
7.7569
0.0040264
-0.74889
0.011041
0.66259
-0.00035692
0.0013099
-0.0021306
-1.389
-0.10374
-0.16518
-0.46106
0.11473
-0.66836
27.953
17.137
7.7286
-0.020603
-0.72891
-0.0074496
0.68426
-0.00025247
0.0013332
-0.002175
-1.3093
-0.022201
0.10574
-0.46108
0.11472
-0.66831
28.181
17.182
7.7301
-0.03223
-0.74107
-0.033024
0.66984
-0.00021795
0.0013258
-0.0022513
-1.3902
0.039752
-0.064334
-0.46109
0.11471
-0.66826
28.396
17.207
7.737
-0.042681
-0.74373
-0.03487
0.66621
-0.00026836
0.0013235
-0.0023562
-1.5032
0.080005
-0.15868
-0.4611
0.11469
-0.66821
28.641
17.231
7.7111
-0.038252
-0.75237
-0.012004
0.65751
-0.00039758
0.0013642
-0.0024705
-1.3477
0.11607
0.12056
-0.4611
0.11467
-0.66816
28.883
17.245
7.7099
-0.045077
-0.76807
-0.0063254
0.63875
-0.0005444
0.0014183
-0.0025777
-1.2299
0.039389
0.044917
-0.4611
0.11465
-0.66811
29.083
17.259
7.7283
-0.033649
-0.77287
0.0036034
0.63366
-0.00069314
0.0014553
-0.0026872
-1.3391
0.045953
-0.14189
-0.4611
0.11462
-0.66805
29.3
17.283
7.7204
-0.035681
-0.75601
-0.00050923
0.65359
-0.00085643
0.0015017
-0.0027796
-1.4297
0.10649
-0.023254
-0.46109
0.1146
-0.668
29.524
17.299
7.7028
-0.052533
-0.75427
0.002263
0.65446
-0.00099552
0.001543
-0.0028734
-1.3893
0.13663
0.13917
-0.46107
0.11456
-0.66795
29.767
17.313
7.7179
-0.02105
-0.75881
-0.011499
0.65087
-0.0010834
0.0015233
-0.0029219
-1.4218
0.1648
-0.019352
-0.46105
0.11452
-0.6679
30.01
17.322
7.7315
-0.018552
-0.7401
-0.01946
0.67196
-0.0011395
0.0015231
-0.0029007
-1.407
0.27526
-0.12954
-0.46103
0.11448
-0.66785
30.238
17.317
7.7137
-0.030554
-0.75501
-0.0051399
0.65498
-0.0011903
0.0016347
-0.002843
-1.2145
0.25315
0.14675
-0.46101
0.11444
-0.6678
30.468
17.3
7.7161
-0.034804
-0.781
-0.019819
0.62324
-0.0012842
0.001876
-0.0027311
-1.2185
0.15114
0.0099385
-0.46099
0.1144
-0.66775
30.675
17.292
7.7335
-0.036784
-0.77103
-0.01795
0.63548
-0.0013498
0.0020856
-0.0026276
-1.4699
0.018104
-0.14563
-0.46098
0.11436
-0.66771
30.889
17.309
7.718
-0.057432
-0.73711
-0.013017
0.67321
-0.0012992
0.0021035
-0.0026314
-1.4887
-0.0030025
0.098874
-0.46097
0.11432
-0.66766
31.141
17.343
7.716
-0.075609
-0.73358
-0.0063898
0.67535
-0.0011892
0.0017954
-0.0027354
-1.4964
0.048622
0.087353
-0.46097
0.11428
-0.66761
31.381
17.372
7.7339
-0.070137
-0.73602
-0.013053
0.67319
-0.0012042
0.0012991
-0.0028695
-1.5034
0.078746
-0.11501
-0.46097
0.11424
-0.66756
31.631
17.397
7.7309
-0.046565
-0.71411
0.00020493
0.69849
-0.001462
0.00060149
-0.0030098
-1.4247
0.10734
0.072594
-0.46098
0.11421
-0.66751
31.886
17.413
7.7191
-0.042548
-0.73189
-0.0010534
0.68009
-0.0017132
-0.00012717
-0.0031827
-1.3154
0.081755
0.21087
-0.461
0.11417
-0.66747
32.103
17.428
7.746
-0.038326
-0.74943
0.003684
0.66096
-0.0018759
-0.00071994
-0.003387
-1.3138
-0.0061913
-0.028657
-0.46102
0.11414
-0.66742
32.323
17.453
7.7643
-0.034148
-0.72845
0.012579
0.68413
-0.0020391
-0.0010242
-0.0035571
-1.4025
-0.011036
-0.0089867
-0.46107
0.1141
-0.66737
32.558
17.49
7.7481
-0.062389
-0.71066
-0.026621
0.70026
-0.0022823
-0.0011384
-0.0036354
-1.3221
0.046981
0.24619
-0.46112
0.11407
-0.66731
32.769
17.516
7.7744
-0.071912
-0.71682
-0.035853
0.69261
-0.0026233
-0.0010674
-0.0035749
-1.3049
0.10586
0.061204
-0.4612
0.11403
-0.66725
32.996
17.531
7.8029
-0.075305
-0.71518
-0.042846
0.69355
-0.0029232
-0.00088066
-0.0034178
-1.2156
0.21174
-0.12354
-0.4613
0.11398
-0.66719
33.2
17.536
7.7947
-0.10992
-0.71622
-0.034128
0.68831
-0.0031752
-0.00070466
-0.0032586
-1.0339
0.52555
0.090665
-0.46142
0.11393
-0.66713
33.403
17.501
7.7847
-0.18139
-0.71702
-0.094173
0.66642
-0.0029415
-0.00062066
-0.0031864
-0.67353
0.68738
0.12987
-0.46155
0.11387
-0.66706
33.557
17.42
7.8149
-0.25484
-0.70241
-0.16177
0.64459
-0.0025262
-0.00059128
-0.0031784
-0.54749
0.83206
0.036181
-0.46168
0.11383
-0.667
33.67
17.312
7.829
-0.32718
-0.66366
-0.24355
0.62705
-0.0020564
-0.00058465
-0.0031977
-0.45936
0.97904
-0.0040766
-0.46182
0.11379
-0.66694
33.777
17.171
7.8268
-0.40739
-0.61511
-0.32884
0.58952
-0.0012116
-0.0006379
-0.0032444
-0.32103
1.0077
0.077184
-0.46196
0.11375
-0.66688
33.868
17.012
7.8339
-0.46486
-0.58764
-0.39647
0.53047
-0.000349
-0.00070231
-0.0032364
-0.22737
1.1846
-0.027569
-0.46208
0.11374
-0.66683
33.934
16.843
7.8423
-0.48516
-0.55562
-0.42958
0.52093
-7.654e-05
-0.00074742
-0.0031704
-0.077685
1.2541
-0.16613
-0.4622
0.11373
-0.66677
33.991
16.64
7.8204
-0.49455
-0.54423
-0.43868
0.51652
8.5149e-05
-0.00085287
-0.0031274
0.050458
1.2811
0.093267
-0.4623
0.11372
-0.66672
34.02
16.434
7.811
-0.51695
-0.55019
-0.43436
0.4913
-5.234e-05
-0.00099014
-0.0031362
0.020738
1.1363
0.16434
-0.4624
0.11372
-0.66668
34.043
16.227
7.8386
-0.53212
-0.53704
-0.44736
0.47781
-0.00020058
-0.0010627
-0.003198
-0.064399
1.2956
-0.12866
-0.46249
0.11373
-0.66664
34.074
16.024
7.8448
-0.52023
-0.52536
-0.45499
0.49633
-0.00036296
-0.0010996
-0.0032862
-0.086395
1.4002
-0.072339
-0.46256
0.11372
-0.66661
34.117
15.811
7.821
-0.50658
-0.51215
-0.44401
0.53285
-0.00052942
-0.0011707
-0.0033949
-0.032464
1.3207
0.13113
-0.46263
0.11372
-0.66657
34.161
15.575
7.8278
-0.51856
-0.52902
-0.45379
0.49529
-0.00062805
-0.0012128
-0.0034194
0.0070935
1.3353
0.051867
-0.46268
0.11371
-0.66653
34.193
15.349
7.8475
-0.5098
-0.51619
-0.47884
0.49433
-0.00068464
-0.0011251
-0.0033445
0.029825
1.4415
-0.10487
-0.46273
0.11369
-0.66648
34.221
15.128
7.838
-0.50289
-0.51778
-0.46682
0.51097
-0.00077607
-0.00092971
-0.003253
0.027311
1.3514
0.15509
-0.46277
0.11367
-0.66643
34.247
14.889
7.8383
-0.50978
-0.54504
-0.44316
0.49666
-0.00092752
-0.00078446
-0.0031306
-0.11963
1.2624
0.071393
-0.46281
0.11363
-0.66637
34.283
14.681
7.8614
-0.50758
-0.56456
-0.42819
0.4902
-0.0011163
-0.00074786
-0.0029993
-0.22404
1.3344
-0.16339
-0.46285
0.11359
-0.6663
34.343
14.468
7.8536
-0.49327
-0.56863
-0.43857
0.49091
-0.0012623
-0.00072776
-0.0029136
-0.31211
1.3792
0.076084
-0.46289
0.11354
-0.66623
34.419
14.245
7.84
-0.4861
-0.56448
-0.43675
0.5043
-0.0014198
-0.00067258
-0.0028909
-0.26054
1.347
0.15452
-0.46291
0.11349
-0.66616
34.498
14.033
7.8638
-0.48144
-0.58093
-0.42429
0.50072
-0.0016319
-0.00042628
-0.0029119
-0.19317
1.3273
-0.061456
-0.46293
0.11344
-0.66608
34.568
13.81
7.8728
-0.47526
-0.58233
-0.43149
0.49884
-0.0019562
-5.3734e-05
-0.002952
-0.09567
1.3631
-0.1496
-0.46296
0.11339
-0.666
34.624
13.586
7.8484
-0.47685
-0.6043
-0.4168
0.48344
-0.0022451
0.00021015
-0.0030127
-0.17658
1.3136
0.16349
-0.46297
0.11334
-0.66592
34.67
13.379
7.8514
-0.4701
-0.63277
-0.3832
0.48142
-0.0024538
0.00030811
-0.003114
-0.37223
1.2573
0.13351
-0.46299
0.11329
-0.66583
34.746
13.172
7.8841
-0.45263
-0.6383
-0.37363
0.4981
-0.0026039
0.00039222
-0.0032547
-0.47285
1.2822
-0.049912
-0.46299
0.11324
-0.66575
34.838
12.982
7.8881
-0.4344
-0.63189
-0.36394
0.52874
-0.0025354
0.00055063
-0.0034336
-0.51091
1.2762
0.07894
-0.46298
0.1132
-0.66567
34.953
12.776
7.8879
-0.44197
-0.64625
-0.35738
0.50922
-0.0026054
0.00076263
-0.0035837
-0.51808
1.2281
0.070394
-0.46295
0.11318
-0.6656
35.068
12.578
7.905
-0.42959
-0.67014
-0.34582
0.49677
-0.0027712
0.00092761
-0.0037209
-0.58313
1.1421
-0.092629
-0.46292
0.11316
-0.66554
35.179
12.405
7.903
-0.38902
-0.66962
-0.33
0.53978
-0.0031273
0.0009973
-0.003871
-0.70577
1.1065
0.032085
-0.46287
0.11314
-0.66549
35.315
12.227
7.893
-0.33705
-0.69423
-0.30222
0.55956
-0.0037584
0.0011083
-0.0039801
-0.77479
0.86065
0.2027
-0.46279
0.11311
-0.66545
35.459
12.08
7.9202
-0.29572
-0.7234
-0.25149
0.57095
-0.0043171
0.0012411
-0.0040921
-0.96365
0.7061
-0.014354
-0.46271
0.11309
-0.66543
35.613
11.976
7.9375
-0.23678
-0.74869
-0.20238
0.58518
-0.0044899
0.0013156
-0.0042523
-1.0822
0.6081
-0.1227
-0.46261
0.11305
-0.66541
35.801
11.891
7.9202
-0.20056
-0.74891
-0.18449
0.60405
-0.0045522
0.0013681
-0.0044431
-1.0976
0.59316
0.038454
-0.46251
0.11302
-0.66541
35.988
11.82
7.9115
-0.17716
-0.764
-0.17017
0.59662
-0.0042363
0.001477
-0.004657
-1.0218
0.5538
-0.012397
-0.46238
0.113
-0.66543
36.177
11.749
7.9201
-0.1517
-0.78207
-0.13797
0.58849
-0.0038934
0.0016391
-0.00482
-1.0773
0.48653
-0.1458
-0.46226
0.11297
-0.66545
36.364
11.685
7.9029
-0.10763
-0.77428
-0.11685
0.61258
-0.0035349
0.00184
-0.0049268
-1.0586
0.46509
-0.035867
-0.46214
0.11296
-0.66549
36.546
11.634
7.8858
-0.060211
-0.77687
-0.090032
0.62027
-0.0028835
0.0020344
-0.0050047
-1.0152
0.21284
0.19769
-0.46202
0.11294
-0.66555
36.726
11.597
7.9065
-0.0067481
-0.78818
-0.049678
0.6134
-0.0030054
0.0021604
-0.0050209
-1.094
-0.051884
-0.046003
-0.4619
0.11292
-0.66562
36.902
11.609
7.9234
0.052771
-0.77698
0.0039663
0.62729
-0.0035111
0.0023011
-0.0050097
-1.1397
-0.17239
-0.15644
-0.46179
0.11288
-0.6657
37.078
11.652
7.8996
0.094717
-0.75923
0.02674
0.64334
-0.0035358
0.0024602
-0.0050096
-1.1203
-0.29103
0.056094
-0.46168
0.11282
-0.66579
37.263
11.717
7.8925
0.14489
-0.75729
0.059833
0.63398
-0.0034442
0.0025093
-0.0050101
-1.0463
-0.36145
0.050882
-0.46158
0.11276
-0.66588
37.425
11.789
7.9048
0.1949
-0.75312
0.10134
0.62013
-0.0031337
0.0023448
-0.0049518
-0.99466
-0.47425
-0.078535
-0.46147
0.1127
-0.66597
37.586
11.882
7.9013
0.24308
-0.72565
0.15525
0.62469
-0.0032901
0.0018904
-0.004708
-0.94321
-0.52487
0.043283
-0.46136
0.11264
-0.66607
37.742
11.989
7.8909
0.30429
-0.71406
0.19944
0.59812
-0.0037734
0.0014252
-0.0044456
-0.69271
-0.699
0.17262
-0.46124
0.11257
-0.66614
37.861
12.102
7.9108
0.34858
-0.69258
0.24266
0.58304
-0.0038805
0.0010258
-0.0041521
-0.59485
-0.88125
-0.097148
-0.4611
0.11251
-0.66622
37.948
12.25
7.9195
0.38491
-0.66675
0.28753
0.56976
-0.004093
0.0006154
-0.0038616
-0.52886
-1.0733
-0.1491
-0.46095
0.11246
-0.66628
38.021
12.43
7.891
0.3973
-0.64843
0.3222
0.56381
-0.0043879
0.00030911
-0.0036632
-0.42137
-1.1403
0.13655
-0.46081
0.11241
-0.66633
38.072
12.618
7.8909
0.4219
-0.6332
0.33952
0.55298
-0.0042556
0.00023752
-0.0034949
-0.41785
-1.0997
0.072246
-0.46065
0.11237
-0.66638
38.116
12.813
7.9165
0.45033
-0.62633
0.34662
0.53364
-0.004141
0.00026126
-0.0034094
-0.45986
-1.1598
-0.14725
-0.46051
0.11234
-0.66642
38.161
12.999
7.908
0.46321
-0.60199
0.37486
0.53153
-0.003662
0.00034932
-0.0034055
-0.47948
-1.0536
0.026634
-0.46036
0.11232
-0.66647
38.216
13.199
7.8928
0.48606
-0.59924
0.38772
0.5043
-0.0033933
0.00049028
-0.0033529
-0.33679
-1.0735
0.13252
-0.46022
0.11231
-0.66652
38.262
13.389
7.9086
0.50111
-0.59725
0.38775
0.49176
-0.0032805
0.00058433
-0.0033529
-0.26137
-1.1635
-0.055597
-0.4601
0.11229
-0.66658
38.284
13.571
7.919
0.50649
-0.5922
0.39438
0.48706
-0.002915
0.00058608
-0.0035033
-0.23709
-1.2677
-0.15061
-0.45997
0.11228
-0.66666
38.298
13.779
7.8946
0.49365
-0.59386
0.40524
0.48931
-0.0025449
0.00068825
-0.0037376
-0.26263
-1.2826
0.06258
-0.45985
0.11227
-0.66675
38.308
14.003
7.8896
0.48238
-0.61217
0.3873
0.4925
-0.0022746
0.0009276
-0.0039518
-0.36632
-1.2297
0.046342
-0.45975
0.11227
-0.66685
38.332
14.205
7.9033
0.46867
-0.62509
0.36654
0.50523
-0.002048
0.00093922
-0.0041664
-0.40334
-1.2728
-0.14294
-0.45964
0.11227
-0.66698
38.37
14.422
7.8913
0.46622
-0.60632
0.38491
0.51659
-0.0018668
0.0010231
-0.0043434
-0.3751
-1.2524
0.022884
-0.45955
0.11228
-0.66712
38.404
14.635
7.8772
0.48634
-0.61327
0.37302
0.49823
-0.0017592
0.0012155
-0.0044414
-0.23342
-1.206
0.13842
-0.45946
0.11231
-0.66729
38.429
14.849
7.8966
0.51197
-0.60864
0.37444
0.47669
-0.0017248
0.0013519
-0.0044231
-0.11876
-1.2497
-0.094513
-0.45939
0.11235
-0.66749
38.427
15.06
7.9029
0.51896
-0.58772
0.3973
0.4769
-0.0016474
0.0014665
-0.0043907
-0.068455
-1.3348
-0.11034
-0.45934
0.1124
-0.6677
38.413
15.271
7.8791
0.51842
-0.57801
0.41277
0.4762
-0.0015504
0.0015072
-0.0044051
-0.04844
-1.2258
0.16359
-0.45929
0.11246
-0.66794
38.392
15.49
7.8868
0.52367
-0.57859
0.40544
0.47605
-0.0015168
0.0015852
-0.0044663
-0.089132
-1.17
0.026574
-0.45927
0.11253
-0.6682
38.379
15.694
7.9037
0.52778
-0.57523
0.39863
0.4813
-0.001392
0.0017781
-0.0046783
-0.063751
-1.2343
-0.13636
-0.45926
0.1126
-0.66844
38.366
15.883
7.8926
0.5395
-0.55153
0.42746
0.4712
-0.0012111
0.0019043
-0.005056
-0.03569
-1.214
0.049611
-0.45927
0.11268
-0.6687
38.346
16.093
7.8809
0.56544
-0.53907
0.43534
0.44739
-0.00099947
0.0019229
-0.0054202
0.12584
-1.1433
0.11837
-0.45929
0.11276
-0.66894
38.314
16.279
7.8988
0.59541
-0.52427
0.43912
0.42167
-0.00080289
0.0018237
-0.0056965
0.29358
-1.1721
-0.1176
-0.45935
0.11286
-0.66918
38.25
16.47
7.9001
0.62119
-0.48341
0.46597
0.40412
-0.00080461
0.0017752
-0.0057408
0.51255
-1.1493
-0.10838
-0.45943
0.11296
-0.66941
38.153
16.66
7.8746
0.63366
-0.44391
0.50076
0.38815
-0.0010667
0.0018594
-0.0056635
0.60057
-1.0002
0.08726
-0.45953
0.11305
-0.66961
38.039
16.819
7.8757
0.66784
-0.40238
0.51192
0.3606
-0.00099337
0.0020005
-0.0056241
0.6143
-0.89181
0.0081936
-0.45968
0.11316
-0.66981
37.917
16.968
7.8851
0.70244
-0.35425
0.52518
0.32447
-0.0011149
0.0019554
-0.0054094
0.70614
-0.75291
-0.083474
-0.45987
0.11327
-0.67
37.785
17.091
7.8757
0.72611
-0.29385
0.55676
0.27645
-0.0016104
0.0017605
-0.0050547
0.71333
-0.65103
0.044852
-0.46007
0.11338
-0.67017
37.66
17.187
7.8703
0.76899
-0.24471
0.55176
0.21057
-0.0014942
0.0016128
-0.0047665
0.88165
-0.37933
0.0074147
-0.4603
0.11349
-0.67035
37.52
17.252
7.8798
0.79238
-0.17657
0.56314
0.15435
-0.001351
0.001505
-0.0045744
1.0367
-0.26639
-0.19173
-0.46055
0.1136
-0.67051
37.358
17.282
7.8649
0.79275
-0.13058
0.58517
0.10985
-0.00079099
0.0014175
-0.0044317
1.1712
-0.14854
-0.066904
-0.46084
0.11372
-0.67068
37.167
17.289
7.8384
0.80057
-0.11484
0.58388
0.070618
-0.00031814
0.0014024
-0.0043316
1.1069
-0.26116
0.073281
-0.46115
0.11385
-0.67083
36.969
17.297
7.8403
0.81117
-0.1121
0.56934
0.072821
0.00019033
0.001416
-0.0043022
1.1608
-0.34974
0.0024191
-0.46147
0.11397
-0.67096
36.782
17.322
7.8503
0.80574
-0.10245
0.57869
0.073532
0.00077637
0.0014457
-0.0043045
1.2422
-0.41741
-0.096027
-0.46182
0.11412
-0.67108
36.568
17.359
7.834
0.80005
-0.096314
0.58725
0.076051
0.0013517
0.0016194
-0.0043648
1.1846
-0.41777
0.12568
-0.4622
0.11429
-0.67118
36.36
17.403
7.8423
0.81676
-0.10193
0.565
0.057405
0.0017599
0.0018445
-0.0044292
1.1946
-0.30422
0.010832
-0.46258
0.11446
-0.67125
36.166
17.436
7.8587
0.81965
-0.095707
0.56293
0.04613
0.0020111
0.0018614
-0.0043954
1.333
-0.28084
-0.17794
-0.463
0.11466
-0.6713
35.948
17.452
7.8414
0.78971
-0.11209
0.6015
0.044726
0.0018922
0.001863
-0.0043469
1.3167
-0.41392
0.070147
-0.4634
0.11486
-0.67131
35.726
17.476
7.8287
0.78342
-0.17343
0.58786
0.10291
0.0016821
0.0019598
-0.0043509
1.2417
-0.53689
0.099835
-0.46385
0.11507
-0.67129
35.504
17.526
7.8521
0.77986
-0.1949
0.58046
0.13001
0.0014854
0.0020401
-0.0043344
1.3034
-0.57961
-0.090735
-0.46431
0.11528
-0.67125
35.278
17.593
7.854
0.77428
-0.17392
0.5892
0.15191
0.0012966
0.0021071
-0.0042844
1.3181
-0.57418
-0.1069
-0.46475
0.11548
-0.67118
35.06
17.656
7.8333
0.78797
-0.13682
0.59292
0.093982
0.0010205
0.0021602
-0.0041964
1.2222
-0.40819
0.1628
-0.46521
0.1157
-0.67109
34.829
17.712
7.8386
0.78835
-0.11665
0.59815
0.084307
0.00061459
0.0020664
-0.0040462
1.2379
-0.26738
-0.019727
-0.46567
0.11592
-0.671
34.616
17.739
7.8542
0.77757
-0.08558
0.61993
0.061183
0.00028708
0.0018887
-0.003921
1.3208
-0.27158
-0.13194
-0.46607
0.11613
-0.6709
34.404
17.753
7.8359
0.77664
-0.091116
0.62175
0.044281
-6.7359e-05
0.001693
-0.0038171
1.2183
-0.31765
0.00072498
-0.46648
0.11636
-0.67081
34.182
17.775
7.8255
0.79666
-0.11006
0.5915
0.057917
-0.0003515
0.0014441
-0.0037049
1.251
-0.32008
-0.041582
-0.46682
0.11658
-0.67073
33.988
17.801
7.8258
0.78658
-0.10804
0.60578
0.051451
-0.00061176
0.0012286
-0.0035331
1.3432
-0.24512
-0.16308
-0.46715
0.11683
-0.67066
33.765
17.817
7.8067
0.78013
-0.084676
0.61904
0.031803
-0.00099199
0.0011752
-0.0032804
1.4134
-0.24432
-0.0063002
-0.46743
0.11708
-0.67062
33.526
17.828
7.7862
0.79323
-0.053656
0.6062
0.020889
-0.0013061
0.0011637
-0.0030197
1.2759
-0.06123
0.16727
-0.46766
0.11731
-0.67059
33.31
17.823
7.807
0.79239
-0.025737
0.60937
0.010841
-0.0014804
0.0010197
-0.0027885
1.3043
0.026381
-0.10622
-0.46785
0.11755
-0.67057
33.095
17.795
7.816
-0.77835
0.0034396
-0.62777
0.0081917
-0.0014845
0.00076139
-0.0026556
1.3243
0.063421
-0.119
-0.46798
0.11779
-0.67058
32.872
17.758
7.7856
0.77308
-0.023422
0.63373
0.013462
-0.0012429
0.00056474
-0.0026414
1.2781
-0.016747
0.14036
-0.46807
0.11801
-0.67059
32.666
17.726
7.7889
0.78231
-0.042501
0.62138
0.0082756
-0.00083679
0.00048204
-0.0026988
1.3182
-0.073853
-0.043543
-0.46811
0.11824
-0.67061
32.446
17.705
7.8035
-0.78761
0.042961
-0.61461
0.0094616
-0.00038591
0.00044006
-0.0027839
1.4644
-0.10364
-0.16618
-0.46812
0.11846
-0.67065
32.223
17.69
7.7795
0.7773
-0.032439
0.62824
0.008659
0.00019151
0.00039206
-0.0028834
1.4579
-0.096703
0.18468
-0.4681
0.11868
-0.6707
31.969
17.674
7.7768
-0.78316
0.021839
-0.6213
0.012919
0.00087846
0.00036385
-0.0029754
1.5693
-0.11207
0.11024
-0.46805
0.11891
-0.67076
31.713
17.653
7.8089
-0.76026
0.04045
-0.64831
0.0071311
0.0014188
0.00041698
-0.0030309
1.6072
-0.12184
-0.061995
-0.46797
0.11912
-0.67082
31.458
17.637
7.8079
0.74378
-0.068878
0.66483
0.0066983
0.0018494
0.00056246
-0.0030308
1.5538
-0.092605
0.14631
-0.46788
0.11935
-0.67088
31.188
17.618
7.8114
-0.75191
0.084143
-0.65387
0.00043788
0.0021261
0.00072735
-0.0029597
1.5039
-0.1224
0.035962
-0.46777
0.11957
-0.67095
30.93
17.601
7.8352
0.74706
-0.079666
0.65976
0.016077
0.0022299
0.00087165
-0.0028176
1.4896
-0.16071
-0.15091
-0.46765
0.11977
-0.67101
30.691
17.59
7.8226
0.74344
-0.056425
0.66606
0.021826
0.0022265
0.00101
-0.0026084
1.487
-0.16627
0.044922
-0.46752
0.11999
-0.67107
30.434
17.586
7.8103
0.75604
-0.03461
0.65295
0.029385
0.002215
0.0010731
-0.0024025
1.3602
-0.053752
0.18956
-0.46738
0.12019
-0.67113
30.209
17.572
7.8349
0.76107
-0.02616
0.64799
0.014035
0.0022287
0.0010381
-0.002193
1.3708
0.016099
-0.013335
-0.46721
0.1204
-0.6712
29.979
17.544
7.8516
0.74754
-0.026243
0.66332
0.022255
0.0022529
0.00093052
-0.0019934
1.3418
0.050398
0.024473
-0.46704
0.12062
-0.67127
29.749
17.506
7.8472
0.75429
-0.046184
0.65425
0.029617
0.0022766
0.00078802
-0.0018216
1.2627
-0.0047095
0.12635
-0.46687
0.12082
-0.67133
29.544
17.475
7.8628
0.77257
-0.06647
0.6314
0.0077188
0.0022924
0.00061208
-0.0016706
1.3145
-0.020716
-0.19585
-0.46668
0.12104
-0.6714
29.327
17.446
7.8603
0.757
-0.074958
0.64898
0.012495
0.0022867
0.00038864
-0.0015532
1.3992
-0.13603
-0.15303
-0.46648
0.12127
-0.67147
29.096
17.429
7.8237
0.75819
-0.065995
0.64808
0.027996
0.0022777
0.00016079
-0.0014762
1.3831
-0.18812
0.1435
-0.46629
0.12148
-0.67153
28.869
17.425
7.8239
0.76843
-0.060538
0.63637
0.02981
0.0022991
-4.4731e-05
-0.001444
1.3029
-0.11488
0.036807
-0.46608
0.12171
-0.67161
28.64
17.421
7.8456
0.76225
-0.063347
0.64359
0.027536
0.0023292
-0.00022023
-0.0014674
1.3056
-0.089098
-0.12679
-0.46588
0.12194
-0.67167
28.419
17.407
7.8342
0.75203
-0.075292
0.65354
0.040915
0.002363
-0.00034185
-0.001547
1.3046
-0.067949
0.067394
-0.46569
0.12216
-0.67174
28.211
17.39
7.8268
0.76678
-0.096963
0.63338
0.038375
0.0024122
-0.00038779
-0.0016878
1.2978
-0.14853
0.052939
-0.46549
0.1224
-0.67181
27.991
17.378
7.8443
0.77147
-0.10861
0.62488
0.050622
0.0024557
-0.0003633
-0.0018653
1.3687
-0.20855
-0.16997
-0.46532
0.12262
-0.67187
27.778
17.377
7.8329
0.75545
-0.1055
0.64348
0.064088
0.0024998
-0.00028854
-0.0021156
1.4436
-0.24217
0.012494
-0.46514
0.12285
-0.67194
27.533
17.383
7.814
0.76571
-0.087277
0.63586
0.041879
0.0025453
-0.00018674
-0.0024359
1.454
-0.15898
0.12532
-0.46498
0.12308
-0.672
27.283
17.385
7.8342
0.77782
-0.072082
0.62361
0.030149
0.0026101
-8.5692e-05
-0.0028113
1.4811
-0.070361
-0.097423
-0.46485
0.12329
-0.67206
27.048
17.372
7.8385
0.76779
-0.060588
0.63753
0.019624
0.0027338
3.3152e-05
-0.003285
1.5267
-0.021099
-0.15319
-0.46472
0.12351
-0.67212
26.793
17.344
7.8114
0.76962
-0.067953
0.63368
0.039073
0.0028938
0.00018665
-0.0037775
1.4691
-0.075837
0.10248
-0.46461
0.12373
-0.67218
26.543
17.314
7.8101
0.7807
-0.085634
0.61726
0.046539
0.0030347
0.000333
-0.0042116
1.4478
-0.11715
-0.014291
-0.46452
0.12392
-0.67223
26.307
17.3
7.822
0.77449
-0.080068
0.62442
0.062081
0.0031541
0.000455
-0.0046432
1.5024
-0.17636
-0.11214
-0.46444
0.12412
-0.67229
26.057
17.291
7.8045
0.76794
-0.072762
0.63331
0.062373
0.0032376
0.0005421
-0.0050105
1.4509
-0.083554
0.11026
-0.46438
0.12431
-0.67234
25.819
17.281
7.8042
0.78094
-0.062113
0.61835
0.062606
0.0032899
0.00062123
-0.0053554
1.3891
0.028261
0.071433
-0.46433
0.12451
-0.67239
25.58
17.253
7.8246
0.77926
-0.0683
0.62162
0.041103
0.0033174
0.00067411
-0.0056689
1.3589
0.078197
-0.065066
-0.46429
0.12471
-0.67244
25.35
17.211
7.8207
0.76562
-0.066508
0.63909
0.031085
0.0033299
0.00068467
-0.005949
1.3416
0.11235
0.079858
-0.46427
0.1249
-0.67249
25.141
17.166
7.8197
0.78388
-0.08566
0.61384
0.037378
0.0033356
0.00066053
-0.0062425
1.3167
0.025064
0.063161
-0.46425
0.1251
-0.67255
24.92
17.123
7.8365
0.78752
-0.091669
0.60756
0.047795
0.0033277
0.00059532
-0.0065322
1.3637
-0.009491
-0.11162
-0.46423
0.12529
-0.67261
24.697
17.093
7.8319
0.7737
-0.09722
0.6235
0.056463
0.0033175
0.00052829
-0.0067905
1.4575
-0.023482
0.0014129
-0.46423
0.12548
-0.67266
24.47
17.067
7.8189
0.76688
-0.082919
0.63388
0.056668
0.0033283
0.00047991
-0.0070455
1.4317
-0.045492
0.16253
-0.46423
0.12568
-0.67272
24.224
17.039
7.8376
0.77555
-0.072158
0.62626
0.033465
0.0033697
0.00045348
-0.0072772
1.4293
-0.005463
-0.01358
-0.46424
0.12587
-0.67278
23.983
17.01
7.8555
0.766
-0.077638
0.63765
0.024973
0.0034817
0.00046095
-0.00748
1.3599
-0.023624
-0.10787
-0.46425
0.12606
-0.67284
23.759
16.981
7.8422
0.77608
-0.10738
0.61987
0.043883
0.0037337
0.00051208
-0.0076825
1.3009
-0.06029
0.0057654
-0.46426
0.12625
-0.67291
23.534
16.957
7.8314
0.79072
-0.1188
0.59831
0.051742
0.0040612
0.0005954
-0.0078541
1.3116
-0.086388
-0.067617
-0.46429
0.12645
-0.67298
23.314
16.94
7.8296
0.78204
-0.11359
0.61072
0.050343
0.0043691
0.00068894
-0.0079716
1.4268
-0.11952
-0.12241
-0.46431
0.12665
-0.67304
23.095
16.927
7.8111
0.77078
-0.093179
0.62758
0.057936
0.0046727
0.00079065
-0.0080478
1.3891
-0.086281
0.11694
-0.46434
0.12685
-0.67311
22.853
16.913
7.8095
0.7782
-0.05665
0.62404
0.041933
0.0049428
0.00085898
-0.0080878
1.3937
-0.0036263
0.094972
-0.46437
0.12705
-0.67318
22.633
16.89
7.8302
0.78287
-0.053773
0.61919
0.028694
0.0052172
0.00090546
-0.0080999
1.4448
0.017038
-0.11612
-0.46441
0.12726
-0.67325
22.395
16.857
7.8263
0.77119
-0.062082
0.63205
0.043819
0.0054772
0.00093169
-0.0080785
1.4438
0.054122
0.043323
-0.46444
0.12748
-0.67332
22.151
16.818
7.8161
0.77824
-0.081631
0.62
0.057218
0.0056889
0.00090269
-0.0080349
1.3802
0.031571
0.10158
-0.46448
0.12768
-0.67339
21.929
16.78
7.8334
0.78616
-0.091921
0.60723
0.069125
0.0058566
0.00080563
-0.0079601
1.386
-0.021538
-0.15157
-0.46452
0.12791
-0.67347
21.696
16.75
7.8281
0.77582
-0.099089
0.61868
0.074301
0.0059785
0.00065305
-0.0078594
1.4323
-0.037903
-0.040619
-0.46456
0.12813
-0.67355
21.456
16.725
7.8066
0.77705
-0.095077
0.61825
0.070106
0.0060446
0.00051596
-0.0077284
1.4555
0.055049
0.10966
-0.4646
0.12835
-0.67363
21.224
16.694
7.8146
0.78731
-0.069237
0.61023
0.054614
0.0060427
0.00042941
-0.0075433
1.4522
0.14046
-0.012654
-0.46464
0.12859
-0.67371
20.983
16.641
7.8277
0.77553
-0.065127
0.62591
0.050489
0.0059956
0.00039399
-0.0073524
1.4182
0.18218
-0.071127
-0.46468
0.12881
-0.67379
20.757
16.585
7.8156
0.77551
-0.081571
0.6235
0.056334
0.0059107
0.00037302
-0.007151
1.3437
0.17727
0.10536
-0.46473
0.12905
-0.67387
20.528
16.52
7.819
0.7849
-0.082027
0.61158
0.056288
0.0057869
0.00034724
-0.0069516
1.2956
0.087664
-0.0043768
-0.46477
0.12929
-0.67396
20.309
16.467
7.8334
0.78221
-0.080964
0.6153
0.054686
0.0056262
0.00032873
-0.0067506
1.3704
0.0097116
-0.15839
-0.46482
0.12952
-0.67405
20.1
16.429
7.8147
0.77191
-0.083823
0.62883
0.041178
0.0054141
0.00031291
-0.006516
1.4393
-0.050114
0.06081
-0.46487
0.12977
-0.67414
19.863
16.401
7.8047
0.7782
-0.090614
0.61947
0.049477
0.0051966
0.00029587
-0.0062623
1.399
0.01192
0.11345
-0.46492
0.13003
-0.67424
19.626
16.373
7.8252
0.77733
-0.088958
0.62112
0.045425
0.0050282
0.00025522
-0.0060293
1.4459
0.057297
-0.10188
-0.46498
0.13027
-0.67433
19.4
16.336
7.8267
0.76303
-0.093278
0.63792
0.046194
0.004906
0.0001529
-0.0058041
1.4054
0.10152
-0.022515
-0.46503
0.13053
-0.67443
19.162
16.29
7.8105
0.77299
-0.10683
0.62329
0.050892
0.004864
3.0564e-06
-0.0056163
1.3208
0.022067
0.12007
-0.46509
0.13077
-0.67452
18.946
16.251
7.8228
0.77974
-0.10608
0.6155
0.043744
0.0048703
-0.00016183
-0.0054154
1.3344
-0.087258
-0.094499
-0.46515
0.13104
-0.67463
18.724
16.228
7.8272
0.76453
-0.10975
0.63315
0.05067
0.0048637
-0.00030979
-0.0051939
1.3859
-0.16187
-0.047545
-0.46521
0.13131
-0.67473
18.489
16.219
7.8087
0.76346
-0.10908
0.63436
0.053158
0.0048062
-0.00044915
-0.0049632
1.3668
-0.1684
0.14856
-0.46527
0.13157
-0.67483
18.265
16.216
7.8192
0.77438
-0.09312
0.62373
0.051213
0.0046572
-0.0006063
-0.0046878
1.3562
-0.083716
0.037119
-0.46534
0.13185
-0.67493
18.034
16.204
7.8403
0.76429
-0.084736
0.63715
0.052139
0.004434
-0.00078303
-0.0043904
1.3702
-0.12599
-0.084771
-0.46541
0.13213
-0.67503
17.802
16.189
7.8305
0.75246
-0.11943
0.64381
0.071068
0.0041504
-0.00092398
-0.0040897
1.3164
-0.20071
0.12966
-0.46548
0.1324
-0.67512
17.583
16.189
7.836
0.76109
-0.12814
0.63139
0.075357
0.0037632
-0.0010022
-0.0037353
1.2008
-0.21663
-0.0018378
-0.46556
0.13268
-0.67522
17.37
16.193
7.8538
0.76321
-0.13603
0.62316
0.10333
0.0032003
-0.0010447
-0.0033729
1.238
-0.30614
-0.20593
-0.46565
0.13295
-0.67531
17.171
16.207
7.8341
0.74874
-0.14289
0.6364
0.1182
0.0024419
-0.0010952
-0.002995
1.2752
-0.30742
-0.053241
-0.46574
0.13323
-0.67539
16.951
16.232
7.8079
0.76043
-0.13663
0.62433
0.1153
0.0014594
-0.0011633
-0.0026439
1.1893
-0.28059
0.096515
-0.46585
0.13351
-0.67548
16.737
16.253
7.8162
0.7635
-0.1456
0.6196
0.10939
0.00083829
-0.0012825
-0.0023817
1.1653
-0.33637
-0.040565
-0.46596
0.13376
-0.67555
16.543
16.274
7.8233
0.73177
-0.20025
0.63423
0.14889
0.00044596
-0.0014979
-0.0022214
1.0003
-0.47998
-0.030753
-0.46608
0.13402
-0.67563
16.348
16.321
7.8114
0.71393
-0.27532
0.61331
0.19586
0.00016608
-0.0017155
-0.0021232
0.81785
-0.52887
0.10992
-0.4662
0.13427
-0.67569
16.191
16.379
7.8191
0.70184
-0.32975
0.58968
0.22577
-5.0499e-05
-0.0019216
-0.0020275
0.71584
-0.70812
-0.060107
-0.46633
0.13453
-0.67575
16.047
16.464
7.8266
0.67584
-0.37941
0.57049
0.27171
-2.6151e-05
-0.00213
-0.0019828
0.65231
-0.90434
-0.20109
-0.46648
0.13479
-0.67581
15.915
16.584
7.7998
0.65
-0.41192
0.5632
0.30104
-4.9231e-05
-0.0022952
-0.0019523
0.62299
-1.0119
0.0050565
-0.46662
0.13504
-0.67587
15.794
16.722
7.7828
0.63205
-0.45094
0.53197
0.3379
-0.00030069
-0.0024033
-0.0019174
0.51993
-0.997
0.099311
-0.46677
0.13529
-0.67592
15.678
16.879
7.7987
0.61621
-0.4748
0.51681
0.35743
-0.0006676
-0.0024394
-0.0018966
0.51975
-1.0367
-0.070768
-0.46692
0.13553
-0.67596
15.574
17.027
7.802
0.59321
-0.48709
0.50294
0.39736
-0.0010725
-0.0024016
-0.0018794
0.51746
-1.0503
-0.051641
-0.46708
0.13577
-0.67601
15.463
17.193
7.7865
0.5778
-0.51182
0.47719
0.42008
-0.0014392
-0.0023044
-0.0018587
0.40566
-1.0504
0.072623
-0.46724
0.13599
-0.67606
15.365
17.35
7.7908
0.5764
-0.53429
0.46303
0.40976
-0.0017821
-0.0021618
-0.0018302
0.30228
-1.1492
-0.087218
-0.46742
0.13621
-0.67611
15.281
17.526
7.7932
0.56449
-0.53806
0.45793
0.42678
-0.0020498
-0.002011
-0.0018094
0.21101
-1.307
-0.13243
-0.4676
0.13643
-0.67617
15.21
17.728
7.7686
0.55859
-0.54178
0.45861
0.4291
-0.0022541
-0.0018881
-0.0018034
0.16947
-1.3335
0.19401
-0.46777
0.13663
-0.67622
15.151
17.936
7.7709
0.5622
-0.53383
0.4651
0.42737
-0.0024403
-0.0018056
-0.0018154
0.17339
-1.3158
0.15071
-0.46796
0.13685
-0.67628
15.092
18.155
7.8068
0.55716
-0.5369
0.46901
0.42583
-0.0026209
-0.0017726
-0.0018403
0.1694
-1.3274
-0.0896
-0.46814
0.13706
-0.67634
15.032
18.373
7.8099
0.53949
-0.54566
0.46659
0.43989
-0.0028192
-0.0017573
-0.0018679
0.119
-1.3078
-0.022002
-0.46831
0.13725
-0.67639
14.979
18.579
7.7965
0.53308
-0.57165
0.44533
0.43672
-0.003069
-0.001738
-0.0018978
0.0031225
-1.2533
0.067236
-0.46849
0.13746
-0.67646
14.941
18.793
7.8037
0.52999
-0.58759
0.43033
0.43435
-0.0033295
-0.0017244
-0.0019232
-0.06442
-1.2834
-0.12003
-0.46865
0.13765
-0.67653
14.919
18.994
7.7997
0.52197
-0.58697
0.42923
0.44584
-0.0036152
-0.0017184
-0.0019464
-0.1286
-1.3403
-0.059721
-0.46882
0.13784
-0.6766
14.906
19.218
7.7794
0.524
-0.58007
0.43799
0.44396
-0.0038851
-0.0017091
-0.0019677
-0.099532
-1.3041
0.15021
-0.46899
0.13803
-0.67668
14.895
19.445
7.7883
0.53273
-0.57573
0.44116
0.43602
-0.0041092
-0.0016878
-0.0019863
-0.045966
-1.2656
0.061797
-0.46914
0.13821
-0.67676
14.878
19.649
7.8095
0.53102
-0.57287
0.43672
0.44622
-0.004309
-0.0016393
-0.0020056
-0.024376
-1.2599
-0.085764
-0.4693
0.13839
-0.67685
14.855
19.862
7.8036
0.51776
-0.57534
0.4341
0.46093
-0.0044655
-0.001543
-0.0020238
-0.032588
-1.2608
0.043763
-0.46945
0.13858
-0.67694
14.83
20.076
7.7972
0.50999
-0.59256
0.42409
0.45709
-0.0045956
-0.0014068
-0.0020291
-0.068879
-1.1912
0.084168
-0.4696
0.13875
-0.67703
14.812
20.271
7.8118
0.5114
-0.59626
0.41698
0.45724
-0.0047426
-0.001223
-0.0020093
-0.1337
-1.1866
-0.08066
-0.46975
0.13893
-0.67713
14.803
20.472
7.8135
0.51
-0.58748
0.4215
0.46593
-0.0048751
-0.0010193
-0.0019665
-0.19219
-1.2753
-0.084329
-0.4699
0.1391
-0.67723
14.802
20.672
7.7949
0.51572
-0.58238
0.42563
0.46228
-0.0049819
-0.00077958
-0.0019006
-0.18424
-1.2632
0.10784
-0.47006
0.13928
-0.67734
14.806
20.89
7.7989
0.52815
-0.58045
0.42252
0.45344
-0.0050327
-0.00052798
-0.0018193
-0.12067
-1.2526
0.047193
-0.47023
0.13945
-0.67744
14.803
21.106
7.8157
0.5297
-0.57111
0.43378
0.45287
-0.0050213
-0.00027636
-0.0017344
-0.093108
-1.2611
-0.09952
-0.47039
0.13962
-0.67755
14.792
21.307
7.8101
0.51602
-0.56666
0.4341
0.47347
-0.0049463
3.9918e-06
-0.0016398
-0.098347
-1.2453
0.057013
-0.47057
0.1398
-0.67766
14.779
21.523
7.8026
0.51475
-0.57923
0.42664
0.46638
-0.0048086
0.00028157
-0.0015491
-0.15969
-1.2074
0.095896
-0.47076
0.13999
-0.67776
14.771
21.73
7.8213
0.51368
-0.58607
0.41915
0.4658
-0.0046148
0.00051897
-0.0014841
-0.20226
-1.2303
-0.13397
-0.47094
0.14017
-0.67786
14.774
21.926
7.8186
0.50425
-0.58175
0.42214
0.47864
-0.0043329
0.00074175
-0.0014498
-0.23925
-1.2749
-0.10704
-0.47114
0.14036
-0.67797
14.783
22.145
7.7935
0.51151
-0.58359
0.41295
0.47671
-0.0040338
0.0009467
-0.0014507
-0.21344
-1.2298
0.050992
-0.47134
0.14055
-0.67806
14.792
22.35
7.7919
0.51724
-0.59519
0.40556
0.46231
-0.0037337
0.0011739
-0.0014846
-0.18212
-1.232
-0.018122
-0.47155
0.14077
-0.67816
14.798
22.562
7.7966
0.4979
-0.59925
0.4171
0.46799
-0.0034873
0.0014093
-0.0015523
-0.15588
-1.211
-0.13826
-0.47177
0.14098
-0.67825
14.798
22.771
7.7804
0.47816
-0.62361
0.39975
0.47188
-0.0033155
0.0016379
-0.001647
-0.20988
-1.2163
0.042594
-0.47199
0.14119
-0.67833
14.799
22.968
7.7707
0.45981
-0.64883
0.38319
0.46985
-0.003209
0.0018873
-0.0017681
-0.2909
-1.1493
0.083355
-0.47224
0.1414
-0.67841
14.812
23.172
7.7869
0.44465
-0.65365
0.37088
0.48733
-0.0031873
0.0021486
-0.0018876
-0.3606
-1.1389
-0.080983
-0.47249
0.14161
-0.67849
14.84
23.372
7.785
0.43202
-0.64356
0.36928
0.51265
-0.003234
0.0024084
-0.0019899
-0.39927
-1.1681
0.011373
-0.47273
0.14179
-0.67856
14.877
23.563
7.7762
0.43077
-0.65299
0.36335
0.50598
-0.0033261
0.0026959
-0.0020925
-0.35806
-1.1517
0.131
-0.473
0.14197
-0.67863
14.917
23.768
7.7915
0.43138
-0.65588
0.36152
0.50302
-0.0034057
0.0029702
-0.0021823
-0.29181
-1.1486
0.084539
-0.47326
0.14212
-0.67869
14.944
23.958
7.8096
0.42502
-0.63947
0.37942
0.51621
-0.0034463
0.0032463
-0.0022725
-0.19316
-1.1555
0.032108
-0.47354
0.14227
-0.67875
14.958
24.156
7.8189
0.42092
-0.63031
0.38745
0.5248
-0.0034182
0.0034459
-0.0023794
-0.093395
-1.1404
0.1101
-0.47383
0.14242
-0.67881
14.956
24.355
7.8291
0.43631
-0.61834
0.39805
0.51851
-0.0033101
0.0035012
-0.0025152
-0.048218
-1.064
0.1311
-0.47409
0.14255
-0.67887
14.943
24.53
7.8512
0.45609
-0.59162
0.42108
0.51446
-0.0031837
0.0033516
-0.0026721
-0.068614
-1.0756
0.12061
-0.47434
0.14269
-0.67893
14.927
24.711
7.8699
0.46372
-0.54616
0.46067
0.52388
-0.0031196
0.0029123
-0.0028008
0.00012613
-1.0849
0.19476
-0.47455
0.14283
-0.67899
14.912
24.896
7.8938
0.49548
-0.49425
0.51198
0.49808
-0.0030797
0.0024748
-0.0028858
0.19933
-1.0345
0.20624
-0.4747
0.14296
-0.67905
14.874
25.061
7.9288
0.54063
-0.46004
0.54598
0.44496
-0.0030185
0.0021407
-0.0029503
0.41625
-0.91294
-0.0087786
-0.47482
0.1431
-0.67911
14.799
25.219
7.946
0.58372
-0.42475
0.57516
0.38478
-0.0028588
0.0019075
-0.0029883
0.53935
-0.83744
-0.15543
-0.4749
0.14324
-0.67917
14.704
25.346
7.9306
0.61858
-0.38729
0.59773
0.33178
-0.0026547
0.0016964
-0.0029798
0.59242
-0.7884
-0.078154
-0.47496
0.14339
-0.67922
14.587
25.469
7.9073
0.64703
-0.35941
0.60175
0.30011
-0.0025819
0.0015329
-0.00294
0.56531
-0.70583
0.022
-0.47497
0.14355
-0.67927
14.472
25.582
7.9049
0.67553
-0.32539
0.60669
0.26402
-0.0025728
0.0013703
-0.0029743
0.63332
-0.65683
-0.080865
-0.47495
0.14372
-0.67932
14.364
25.676
7.901
0.69477
-0.2839
0.6194
0.2303
-0.0026606
0.0011643
-0.0031149
0.66378
-0.66916
-0.10797
-0.47488
0.1439
-0.67938
14.238
25.772
7.8829
0.71419
-0.24184
0.63355
0.17342
-0.0030553
0.00096684
-0.0032694
0.73589
-0.59285
0.019014
-0.47476
0.14408
-0.67944
14.107
25.865
7.8746
0.73724
-0.197
0.63447
0.12294
-0.0034563
0.000733
-0.0034581
0.83491
-0.3688
0.044926
-0.4746
0.14424
-0.6795
13.97
25.925
7.8832
0.75836
-0.14847
0.6316
0.062764
-0.0035838
0.00045553
-0.0036492
0.88302
-0.20459
-0.10667
-0.4744
0.14439
-0.67955
13.819
25.951
7.8786
0.76147
-0.11202
0.63755
0.033824
-0.0036129
0.00024285
-0.0037725
0.93139
-0.13912
-0.11689
-0.47417
0.14451
-0.6796
13.672
25.96
7.8578
0.76834
-0.097055
0.63221
0.023185
-0.0035175
5.6271e-05
-0.0038581
0.92633
-0.12621
0.027983
-0.47391
0.14462
-0.67962
13.511
25.959
7.8497
0.77782
-0.08638
0.62232
0.015943
-0.003462
-9.8012e-05
-0.0038671
0.87336
-0.17854
0.023606
-0.47362
0.14472
-0.67961
13.357
25.964
7.8574
-0.7824
0.080247
-0.61757
0.0041215
-0.0033546
-0.00021049
-0.0038252
0.91333
-0.18841
-0.10751
-0.47334
0.14479
-0.67957
13.212
25.974
7.8512
-0.77903
0.068033
-0.62283
0.023959
-0.0031125
-0.00027895
-0.0037443
0.94329
-0.23659
-0.074733
-0.47303
0.14486
-0.67948
13.048
25.988
7.8317
-0.79217
0.050938
-0.60623
0.048634
-0.0028429
-0.00022937
-0.0036253
0.89772
-0.12101
0.065494
-0.47269
0.14493
-0.67935
12.888
25.997
7.8311
-0.8099
0.033583
-0.58141
0.06998
-0.0026519
-0.00013923
-0.003489
0.80991
0.036154
-0.039369
-0.47235
0.14501
-0.67919
12.753
25.985
7.836
-0.82659
-0.0058931
-0.55806
0.072701
-0.0025587
-5.1541e-05
-0.0033117
0.79365
0.12697
-0.17179
-0.47197
0.1451
-0.679
12.622
25.95
7.8137
-0.83033
-0.014441
-0.55278
0.069133
-0.0025263
6.6798e-05
-0.0031707
0.85072
0.15683
-0.10067
-0.4716
0.14518
-0.67881
12.494
25.909
7.7889
-0.83719
-0.013112
-0.54379
0.056783
-0.0024344
0.00019014
-0.0031191
0.83802
0.10619
0.032812
-0.4712
0.14525
-0.67861
12.354
25.865
7.7851
-0.84514
-0.0016607
-0.53281
0.042994
-0.0021172
0.00035989
-0.0031875
0.80064
0.017393
-0.0054496
-0.47083
0.14532
-0.67842
12.218
25.836
7.789
-0.8505
0.0052689
-0.52475
0.035342
-0.0017857
0.00053889
-0.0032512
0.79094
-0.017194
-0.081872
-0.47051
0.14538
-0.67824
12.093
25.818
7.7819
-0.84986
0.0016302
-0.52495
0.046414
-0.0016351
0.00071262
-0.0032489
0.85159
-0.11369
-0.07023
-0.4702
0.14544
-0.67805
11.954
25.808
7.7656
-0.84792
0.0001196
-0.52814
0.045833
-0.001475
0.00086051
-0.0032657
0.85476
-0.12562
0.078498
-0.46994
0.14547
-0.67787
11.806
25.811
7.7658
-0.85765
-0.0060435
-0.51261
0.040253
-0.0013842
0.00099807
-0.0032432
0.73942
-0.079741
0.043555
-0.46971
0.14549
-0.67772
11.677
25.81
7.7786
-0.87403
0.00081595
-0.48579
0.0088232
-0.0013672
0.0012437
-0.0031666
0.70144
-0.061277
-0.068423
-0.46952
0.14549
-0.67757
11.556
25.805
7.7748
0.87549
-0.014587
0.48298
0.0059109
-0.0014373
0.0015227
-0.0030558
0.77643
-0.018789
-0.06834
-0.46938
0.14547
-0.67744
11.439
25.797
7.763
0.87215
-0.037384
0.48752
0.016915
-0.0015392
0.0017648
-0.0029711
0.74743
0.011527
0.027953
-0.46928
0.14543
-0.67734
11.31
25.777
7.7587
0.88107
-0.067732
0.46709
0.030937
-0.0014561
0.0019143
-0.0030744
0.58061
-0.084989
0.081022
-0.46922
0.14538
-0.67727
11.194
25.766
7.768
0.89253
-0.11141
0.43147
0.069406
-0.0012483
0.0019655
-0.0032549
0.4114
-0.20498
0.0053475
-0.46918
0.14535
-0.67723
11.113
25.78
7.7763
0.91229
-0.14498
0.37108
0.094858
-0.001137
0.0019987
-0.0033437
0.433
-0.28323
-0.079249
-0.46916
0.14534
-0.67722
11.037
25.813
7.7676
0.91978
-0.15385
0.34993
0.088752
-0.0010713
0.0020456
-0.00337
0.49091
-0.31813
-0.076031
-0.46915
0.14533
-0.67721
10.959
25.851
7.7551
0.91851
-0.15413
0.3633
0.02436
-0.001041
0.0020635
-0.0033777
0.50394
-0.25255
0.00039021
-0.46915
0.14533
-0.67721
10.867
25.89
7.7474
-0.91066
0.097355
-0.13541
0.37801
-0.0010374
0.0020561
-0.0033827
0.35507
-0.031431
-0.14988
-0.46915
0.14533
-0.67721
10.793
25.903
7.7417
-0.90509
0.13821
-0.18846
0.35524
-0.0010374
0.0020561
-0.0033827
0.39937
0.035642
-0.27659
-0.46915
0.14533
-0.67721
10.732
25.89
7.699
-0.90613
0.16923
-0.36739
0.12377
-0.0010374
0.0020561
-0.0033827
0.38357
0.01598
-0.12645
-0.46915
0.14533
-0.67721
10.667
25.877
7.6632
